49.5 45.25 41.0 45.25 49.5 53.75 58.0 56.8 55.6 54.4 53.2 52.0 53.0 54.0 55.0 55.375 55.75 56.125 56.5 56.875 57.25 57.625 58.0 53.75
49.5 45.25 41.0 45.25 49.5 53.75 58.0 56.8 55.6 54.4 53.2 52.0 53.0 54.0 55.0 55.375 55.75 56.125 56.5 56.875 57.25 57.625 58.0 53.75
49.5 45.25 41.0 45.25 49.5 53.75 58.0 56.8 55.6 54.4 53.2 52.0 53.0 54.0 55.0 55.375 55.75 56.125 56.5 56.875 57.25 57.625 58.0 53.75
46.5 40.75 35.0 39.75 44.5 49.25 54.0 53.8 53.6 53.4 53.2 53.0 53.666666666666664 54.333333333333336 55.0 55.375 55.75 56.125 56.5 56.875 57.25 57.625 58.0 52.25
45.0 40.0 35.0 39.75 44.5 49.25 54.0 53.8 53.6 53.4 53.2 53.0 53.666666666666664 54.333333333333336 55.0 55.0 55.0 55.0 55.0 55.0 55.0 55.0 55.0 50.0
45.0 40.0 35.0 39.75 44.5 49.25 54.0 53.8 53.6 53.4 53.2 53.0 53.666666666666664 54.333333333333336 55.0 55.0 55.0 55.0 55.0 55.0 55.0 55.0 55.0 50.0
45.0 40.0 35.0 39.75 44.5 49.25 54.0 53.8 53.6 53.4 53.2 53.0 53.666666666666664 54.333333333333336 55.0 55.0 55.0 55.0 55.0 55.0 55.0 55.0 55.0 50.0
45.0 40.0 35.0 39.75 44.5 49.25 54.0 53.6 53.2 52.8 52.4 52.0 53.0 54.0 55.0 55.0 55.0 55.0 55.0 55.0 55.0 55.0 55.0 50.0
47.0 43.0 39.0 42.75 46.5 50.25 54.0 53.8 53.6 53.4 53.2 53.0 55.0 57.0 59.0 58.5 58.0 57.5 57.0 56.5 56.0 55.5 55.0 51.0
47.0 43.0 39.0 42.75 46.5 50.25 54.0 55.666666666666664 57.333333333333336 59.0 56.0 53.0 55.0 57.0 59.0 58.5 58.0 57.5 57.0 56.5 56.0 55.5 55.0 51.0
47.0 43.0 39.0 42.75 46.5 50.25 54.0 55.666666666666664 57.333333333333336 59.0 56.0 53.0 55.0 57.0 59.0 58.5 58.0 57.5 57.0 56.5 56.0 55.5 55.0 51.0
44.5 39.25 34.0 39.25 44.5 49.75 55.0 56.333333333333336 57.666666666666664 59.0 53.5 48.0 51.666666666666664 55.333333333333336 59.0 58.5 58.0 57.5 57.0 56.5 56.0 55.5 55.0 49.75
46.0 40.0 34.0 39.25 44.5 49.75 55.0 53.6 52.2 50.8 49.4 48.0 51.666666666666664 55.333333333333336 59.0 58.875 58.75 58.625 58.5 58.375 58.25 58.125 58.0 52.0
46.0 40.0 34.0 39.25 44.5 49.75 55.0 53.6 52.2 50.8 49.4 48.0 51.666666666666664 55.333333333333336 59.0 58.875 58.75 58.625 58.5 58.375 58.25 58.125 58.0 52.0
52.5 49.75 47.0 49.25 51.5 53.75 56.0 54.4 52.8 51.2 49.6 48.0 51.666666666666664 55.333333333333336 59.0 58.875 58.75 58.625 58.5 58.375 58.25 58.125 58.0 55.25
52.0 49.5 47.0 49.25 51.5 53.75 56.0 54.4 52.8 51.2 49.6 48.0 50.666666666666664 53.333333333333336 56.0 56.125 56.25 56.375 56.5 56.625 56.75 56.875 57.0 54.5
52.0 49.5 47.0 49.25 51.5 53.75 56.0 54.4 52.8 51.2 49.6 48.0 50.666666666666664 53.333333333333336 56.0 56.125 56.25 56.375 56.5 56.625 56.75 56.875 57.0 54.5
52.0 49.5 47.0 49.25 51.5 53.75 56.0 54.4 52.8 51.2 49.6 48.0 50.666666666666664 53.333333333333336 56.0 56.125 56.25 56.375 56.5 56.625 56.75 56.875 57.0 54.5
49.0 45.0 41.0 44.5 48.0 51.5 55.0 53.6 52.2 50.8 49.4 48.0 50.666666666666664 53.333333333333336 56.0 56.125 56.25 56.375 56.5 56.625 56.75 56.875 57.0 53.0
49.5 45.25 41.0 44.5 48.0 51.5 55.0 53.6 52.2 50.8 49.4 48.0 50.333333333333336 52.666666666666664 55.0 55.375 55.75 56.125 56.5 56.875 57.25 57.625 58.0 53.75
49.5 45.25 41.0 44.5 48.0 51.5 55.0 53.6 52.2 50.8 49.4 48.0 50.333333333333336 52.666666666666664 55.0 55.375 55.75 56.125 56.5 56.875 57.25 57.625 58.0 53.75
49.5 45.25 41.0 44.5 48.0 51.5 55.0 53.6 52.2 50.8 49.4 48.0 50.333333333333336 52.666666666666664 55.0 55.375 55.75 56.125 56.5 56.875 57.25 57.625 58.0 53.75
49.5 45.25 41.0 44.5 48.0 51.5 55.0 54.2 53.4 52.6 51.8 51.0 52.333333333333336 53.666666666666664 55.0 55.375 55.75 56.125 56.5 56.875 57.25 57.625 58.0 53.75
51.5 49.25 47.0 48.5 50.0 51.5 53.0 54.333333333333336 55.666666666666664 57.0 54.0 51.0 53.0 55.0 57.0 56.875 56.75 56.625 56.5 56.375 56.25 56.125 56.0 53.75
51.5 49.25 47.0 48.5 50.0 51.5 53.0 54.333333333333336 55.666666666666664 57.0 54.0 51.0 53.0 55.0 57.0 56.875 56.75 56.625 56.5 56.375 56.25 56.125 56.0 53.75
51.5 49.25 47.0 48.5 50.0 51.5 53.0 54.333333333333336 55.666666666666664 57.0 54.0 51.0 53.0 55.0 57.0 56.875 56.75 56.625 56.5 56.375 56.25 56.125 56.0 53.75
59.0 58.5 58.0 57.5 57.0 56.5 56.0 56.333333333333336 56.666666666666664 57.0 53.5 50.0 52.666666666666664 55.333333333333336 58.0 58.25 58.5 58.75 59.0 59.25 59.5 59.75 60.0 59.5
59.0 58.5 58.0 57.5 57.0 56.5 56.0 56.333333333333336 56.666666666666664 57.0 53.5 50.0 52.666666666666664 55.333333333333336 58.0 58.25 58.5 58.75 59.0 59.25 59.5 59.75 60.0 59.5
59.0 58.5 58.0 57.5 57.0 56.5 56.0 56.333333333333336 56.666666666666664 57.0 53.5 50.0 52.666666666666664 55.333333333333336 58.0 58.25 58.5 58.75 59.0 59.25 59.5 59.75 60.0 59.5
53.5 50.25 47.0 48.75 50.5 52.25 54.0 55.0 56.0 57.0 53.5 50.0 52.666666666666664 55.333333333333336 58.0 58.25 58.5 58.75 59.0 59.25 59.5 59.75 60.0 56.75
49.0 48.0 47.0 48.75 50.5 52.25 54.0 54.6 55.2 55.8 56.4 57.0 58.5 60.0 59.0 58.0 57.0 56.0 55.0 54.0 53.0 52.0 51.0 50.0
49.0 48.0 47.0 48.75 50.5 52.25 54.0 54.6 55.2 55.8 56.4 57.0 58.5 60.0 59.0 58.0 57.0 56.0 55.0 54.0 53.0 52.0 51.0 50.0
57.333333333333336 57.166666666666664 57.0 56.25 55.5 54.75 54.0 55.666666666666664 57.333333333333336 59.0 57.0 55.0 57.5 60.0 59.0 58.833333333333336 58.666666666666664 58.5 58.333333333333336 58.166666666666664 58.0 57.833333333333336 57.666666666666664 57.5
57.333333333333336 57.166666666666664 57.0 56.25 55.5 54.75 54.0 55.666666666666664 57.333333333333336 59.0 57.0 55.0 56.333333333333336 57.666666666666664 59.0 58.833333333333336 58.666666666666664 58.5 58.333333333333336 58.166666666666664 58.0 57.833333333333336 57.666666666666664 57.5
57.333333333333336 57.166666666666664 57.0 56.25 55.5 54.75 54.0 55.666666666666664 57.333333333333336 59.0 57.0 55.0 56.333333333333336 57.666666666666664 59.0 58.833333333333336 58.666666666666664 58.5 58.333333333333336 58.166666666666664 58.0 57.833333333333336 57.666666666666664 57.5
57.333333333333336 57.166666666666664 57.0 57.5 58.0 58.5 59.0 59.0 59.0 59.0 57.0 55.0 56.333333333333336 57.666666666666664 59.0 58.833333333333336 58.666666666666664 58.5 58.333333333333336 58.166666666666664 58.0 57.833333333333336 57.666666666666664 57.5
