59.25 59.125 59.0 59.0 59.0 59.0 59.0 56.57142857142857 54.142857142857146 51.714285714285715 49.285714285714285 46.85714285714286 44.42857142857143 42.0 45.6 49.2 52.8 56.4 60.0 59.875 59.75 59.625 59.5 59.375
59.25 59.125 59.0 59.0 59.0 59.0 59.0 41.0 41.166666666666664 41.333333333333336 41.5 41.666666666666664 41.833333333333336 42.0 45.6 49.2 52.8 56.4 60.0 59.875 59.75 59.625 59.5 59.375
59.25 59.125 59.0 59.0 59.0 59.0 59.0 41.0 45.5 50.0 54.5 59.0 54.0 49.0 51.2 53.4 55.6 57.8 60.0 59.875 59.75 59.625 59.5 59.375
56.5 56.916666666666664 57.333333333333336 57.75 58.166666666666664 58.583333333333336 59.0 41.0 45.5 50.0 54.5 59.0 54.0 49.0 60.0 58.5 57.0 55.5 54.0 54.416666666666664 54.833333333333336 55.25 55.666666666666664 56.083333333333336
55.25 55.375 55.5 55.625 55.75 55.875 56.0 41.0 45.5 50.0 54.5 59.0 54.0 49.0 60.0 58.5 57.0 55.5 54.0 54.25 54.5 54.75 55.0 55.125
55.25 55.375 55.5 55.625 55.75 55.875 56.0 48.0 50.75 53.5 56.25 59.0 54.0 49.0 60.0 58.5 57.0 55.5 54.0 54.25 54.5 54.75 55.0 55.125
55.25 55.375 55.5 55.625 55.75 55.875 56.0 48.0 49.5 51.0 52.5 54.0 55.0 56.0 60.0 58.5 57.0 55.5 54.0 54.25 54.5 54.75 55.0 55.125
55.25 55.375 55.5 55.625 55.75 55.875 56.0 48.0 49.5 51.0 52.5 54.0 55.0 56.0 55.6 55.2 54.8 54.4 54.0 54.25 54.5 54.75 55.0 55.125
54.5 54.75 55.0 55.25 55.5 55.75 56.0 48.0 49.5 51.0 52.5 54.0 55.0 56.0 55.6 55.2 54.8 54.4 54.0 54.0 54.0 54.0 54.0 54.25
54.0 54.0 54.0 54.0 54.0 54.0 54.0 54.0 54.0 54.0 54.0 54.0 55.0 56.0 55.6 55.2 54.8 54.4 54.0 54.0 54.0 54.0 54.0 54.0
54.0 54.0 54.0 54.0 54.0 54.0 54.0 54.0 54.25 54.5 54.75 55.0 54.857142857142854 54.714285714285715 54.57142857142857 54.42857142857143 54.285714285714285 54.142857142857146 54.0 54.0 54.0 54.0 54.0 54.0
54.0 54.0 54.0 54.0 54.0 54.0 54.0 54.0 54.25 54.5 54.75 55.0 56.666666666666664 58.333333333333336 60.0 31.0 40.0 49.0 58.0 57.0 56.0 55.0 54.0 54.0
54.75 54.625 54.5 54.375 54.25 54.125 54.0 54.0 54.25 54.5 54.75 55.0 56.666666666666664 58.333333333333336 60.0 31.0 40.0 49.0 58.0 57.25 56.5 55.75 55.0 54.875
54.5 54.25 54.0 53.75 53.5 53.25 53.0 50.0 51.25 52.5 53.75 55.0 56.666666666666664 58.333333333333336 60.0 31.0 40.0 49.0 58.0 57.25 56.5 55.75 55.0 54.75
54.5 54.25 54.0 53.75 53.5 53.25 53.0 50.0 50.75 51.5 52.25 53.0 53.5 54.0 60.0 31.0 40.0 49.0 58.0 57.25 56.5 55.75 55.0 54.75
54.5 54.25 54.0 53.75 53.5 53.25 53.0 50.0 50.75 51.5 52.25 53.0 53.5 54.0 54.6 55.2 55.8 56.4 57.0 56.5 56.0 55.5 55.0 54.75
53.75 53.625 53.5 53.375 53.25 53.125 53.0 50.0 50.75 51.5 52.25 53.0 53.5 54.0 54.6 55.2 55.8 56.4 57.0 56.25 55.5 54.75 54.0 53.875
54.0 54.0 54.0 54.0 54.0 54.0 54.0 49.0 50.0 51.0 52.0 53.0 53.5 54.0 54.6 55.2 55.8 56.4 57.0 56.25 55.5 54.75 54.0 54.0
54.0 54.0 54.0 54.0 54.0 54.0 54.0 49.0 50.25 51.5 52.75 54.0 54.42857142857143 54.857142857142854 55.285714285714285 55.714285714285715 56.142857142857146 56.57142857142857 57.0 56.25 55.5 54.75 54.0 54.0
54.0 54.0 54.0 54.0 54.0 54.0 54.0 49.0 50.25 51.5 52.75 54.0 54.0 54.0 54.0 54.0 54.0 54.0 54.0 54.0 54.0 54.0 54.0 54.0
54.0 53.5 53.0 52.5 52.0 51.5 51.0 55.0 54.75 54.5 54.25 54.0 54.0 54.0 54.0 54.0 54.0 54.0 54.0 54.25 54.5 54.75 55.0 54.5
54.0 53.5 53.0 52.5 52.0 51.5 51.0 55.0 54.75 54.5 54.25 54.0 54.0 54.0 54.0 54.0 54.0 54.0 54.0 54.25 54.5 54.75 55.0 54.5
54.0 53.5 53.0 52.5 52.0 51.5 51.0 55.0 55.0 55.0 55.0 55.0 54.857142857142854 54.714285714285715 54.57142857142857 54.42857142857143 54.285714285714285 54.142857142857146 54.0 54.25 54.5 54.75 55.0 54.5
57.0 58.0 59.0 57.0 55.0 53.0 51.0 55.0 55.0 55.0 55.0 55.0 54.857142857142854 54.714285714285715 54.57142857142857 54.42857142857143 54.285714285714285 54.142857142857146 54.0 54.25 54.5 54.75 55.0 56.0
56.5 57.75 59.0 57.25 55.5 53.75 52.0 54.0 54.25 54.5 54.75 55.0 54.857142857142854 54.714285714285715 54.57142857142857 54.42857142857143 54.285714285714285 54.142857142857146 54.0 54.0 54.0 54.0 54.0 55.25
56.5 57.75 59.0 57.25 55.5 53.75 52.0 54.0 54.25 54.5 54.75 55.0 54.857142857142854 54.714285714285715 54.57142857142857 54.42857142857143 54.285714285714285 54.142857142857146 54.0 54.0 54.0 54.0 54.0 55.25
56.5 57.75 59.0 57.25 55.5 53.75 52.0 54.0 53.75 53.5 53.25 53.0 53.142857142857146 53.285714285714285 53.42857142857143 53.57142857142857 53.714285714285715 53.857142857142854 54.0 54.0 54.0 54.0 54.0 55.25
55.5 56.25 57.0 55.75 54.5 53.25 52.0 54.0 53.75 53.5 53.25 53.0 53.0 53.0 53.0 53.0 53.0 53.0 53.0 53.25 53.5 53.75 54.0 54.75
55.5 56.25 57.0 55.25 53.5 51.75 50.0 54.0 53.75 53.5 53.25 53.0 53.0 53.0 53.0 53.0 53.0 53.0 53.0 53.25 53.5 53.75 54.0 54.75
55.5 56.25 57.0 55.25 53.5 51.75 50.0 59.0 57.5 56.0 54.5 53.0 53.0 53.0 53.0 53.0 53.0 53.0 53.0 53.25 53.5 53.75 54.0 54.75
55.5 56.25 57.0 55.25 53.5 51.75 50.0 59.0 57.25 55.5 53.75 52.0 52.142857142857146 52.285714285714285 52.42857142857143 52.57142857142857 52.714285714285715 52.857142857142854 53.0 53.25 53.5 53.75 54.0 54.75
55.333333333333336 56.0 56.666666666666664 57.333333333333336 58.0 54.0 50.0 59.0 57.25 55.5 53.75 52.0 52.42857142857143 52.857142857142854 53.285714285714285 53.714285714285715 54.142857142857146 54.57142857142857 55.0 54.75 54.5 54.25 54.0 54.666666666666664
54.666666666666664 55.5 56.333333333333336 57.166666666666664 58.0 57.5 57.0 59.0 57.25 55.5 53.75 52.0 52.42857142857143 52.857142857142854 53.285714285714285 53.714285714285715 54.142857142857146 54.57142857142857 55.0 54.5 54.0 53.5 53.0 53.833333333333336
54.666666666666664 55.5 56.333333333333336 57.166666666666664 58.0 57.5 57.0 52.0 52.5 53.0 53.5 54.0 55.0 56.0 55.8 55.6 55.4 55.2 55.0 54.5 54.0 53.5 53.0 53.833333333333336
54.666666666666664 55.5 56.333333333333336 57.166666666666664 58.0 57.5 57.0 52.0 52.5 53.0 53.5 54.0 55.0 56.0 56.4 56.8 57.2 57.6 58.0 56.75 55.5 54.25 53.0 53.833333333333336
54.0 54.0 54.0 54.75 55.5 56.25 57.0 52.0 52.5 53.0 53.5 54.0 55.0 56.0 56.4 56.8 57.2 57.6 58.0 57.0 56.0 55.0 54.0 54.0
54.0 54.0 54.0 53.5 53.0 52.5 52.0 56.0 55.5 55.0 54.5 54.0 55.0 56.0 56.4 56.8 57.2 57.6 58.0 57.0 56.0 55.0 54.0 54.0
54.0 54.0 54.0 53.5 53.0 52.5 52.0 56.0 54.5 53.0 51.5 50.0 54.0 58.0 58.0 58.0 58.0 58.0 58.0 57.0 56.0 55.0 54.0 54.0
53.5 53.25 53.0 52.75 52.5 52.25 52.0 56.0 54.5 53.0 51.5 50.0 54.0 58.0 44.5 31.0 38.333333333333336 45.666666666666664 53.0 53.25 53.5 53.75 54.0 53.75
53.0 53.0 53.0 53.0 53.0 53.0 53.0 56.0 54.5 53.0 51.5 50.0 54.0 58.0 44.5 31.0 38.333333333333336 45.666666666666664 53.0 53.0 53.0 53.0 53.0 53.0
53.0 53.0 53.0 53.0 53.0 53.0 53.0 53.0 52.25 51.5 50.75 50.0 54.0 58.0 44.5 31.0 38.333333333333336 45.666666666666664 53.0 53.0 53.0 53.0 53.0 53.0
53.0 53.0 53.0 53.0 53.0 53.0 53.0 53.0 52.25 51.5 50.75 50.0 55.0 60.0 45.5 31.0 38.333333333333336 45.666666666666664 53.0 53.0 53.0 53.0 53.0 53.0
53.0 53.0 53.0 53.0 53.0 53.0 53.0 53.0 52.25 51.5 50.75 50.0 55.0 60.0 58.6 57.2 55.8 54.4 53.0 53.0 53.0 53.0 53.0 53.0
53.0 53.0 53.0 53.0 53.0 53.0 53.0 53.0 52.25 51.5 50.75 50.0 55.0 60.0 59.0 58.0 57.0 56.0 55.0 54.5 54.0 53.5 53.0 53.0
53.25 53.375 53.5 53.625 53.75 53.875 54.0 56.0 54.5 53.0 51.5 50.0 55.0 60.0 59.0 58.0 57.0 56.0 55.0 54.5 54.0 53.5 53.0 53.125
53.25 53.375 53.5 53.625 53.75 53.875 54.0 56.0 54.75 53.5 52.25 51.0 50.5 50.0 51.0 52.0 53.0 54.0 55.0 54.5 54.0 53.5 53.0 53.125
53.25 53.375 53.5 53.625 53.75 53.875 54.0 56.0 54.75 53.5 52.25 51.0 50.5 50.0 40.0 30.0 38.333333333333336 46.66666666666667 55.0 54.5 54.0 53.5 53.0 53.125
53.25 53.375 53.5 53.625 53.75 53.875 54.0 56.0 54.75 53.5 52.25 51.0 50.5 50.0 40.0 30.0 37.666666666666664 45.333333333333336 53.0 53.0 53.0 53.0 53.0 53.125
53.25 53.375 53.5 53.625 53.75 53.875 54.0 52.0 51.75 51.5 51.25 51.0 50.5 50.0 40.0 30.0 37.666666666666664 45.333333333333336 53.0 53.0 53.0 53.0 53.0 53.125
53.25 53.375 53.5 53.625 53.75 53.875 54.0 52.0 52.0 52.0 52.0 52.0 46.5 41.0 35.5 30.0 37.666666666666664 45.333333333333336 53.0 53.0 53.0 53.0 53.0 53.125
53.25 53.375 53.5 53.625 53.75 53.875 54.0 52.0 52.0 52.0 52.0 52.0 52.142857142857146 52.285714285714285 52.42857142857143 52.57142857142857 52.714285714285715 52.857142857142854 53.0 53.0 53.0 53.0 53.0 53.125
54.0 54.5 55.0 55.5 56.0 55.0 54.0 52.0 52.0 52.0 52.0 52.0 52.285714285714285 52.57142857142857 52.857142857142854 53.142857142857146 53.42857142857143 53.714285714285715 54.0 53.75 53.5 53.25 53.0 53.5
52.0 53.0 54.0 55.0 56.0 55.5 55.0 58.0 56.5 55.0 53.5 52.0 52.285714285714285 52.57142857142857 52.857142857142854 53.142857142857146 53.42857142857143 53.714285714285715 54.0 53.0 52.0 51.0 50.0 51.0
52.0 53.0 54.0 55.0 56.0 55.5 55.0 58.0 56.75 55.5 54.25 53.0 53.142857142857146 53.285714285714285 53.42857142857143 53.57142857142857 53.714285714285715 53.857142857142854 54.0 53.0 52.0 51.0 50.0 51.0
51.25 51.875 52.5 53.125 53.75 54.375 55.0 58.0 56.75 55.5 54.25 53.0 47.25 41.5 35.75 30.0 38.0 46.0 54.0 53.0 52.0 51.0 50.0 50.625
51.0 51.5 52.0 52.5 53.0 53.5 54.0 55.0 54.5 54.0 53.5 53.0 47.25 41.5 35.75 30.0 39.333333333333336 48.66666666666667 58.0 56.0 54.0 52.0 50.0 50.5
54.0 54.0 54.0 54.0 54.0 54.0 54.0 55.0 54.5 54.0 53.5 53.0 47.25 41.5 35.75 30.0 39.333333333333336 48.66666666666667 58.0 57.0 56.0 55.0 54.0 54.0
54.0 54.0 54.0 54.0 54.0 54.0 54.0 55.0 54.5 54.0 53.5 53.0 47.25 41.5 35.75 30.0 39.333333333333336 48.66666666666667 58.0 57.0 56.0 55.0 54.0 54.0
55.333333333333336 56.0 56.666666666666664 57.333333333333336 58.0 56.0 54.0 55.0 54.5 54.0 53.5 53.0 55.0 57.0 59.0 58.75 58.5 58.25 58.0 57.0 56.0 55.0 54.0 54.666666666666664
55.333333333333336 56.0 56.666666666666664 57.333333333333336 58.0 57.0 56.0 55.0 54.5 54.0 53.5 53.0 55.0 57.0 59.0 58.75 58.5 58.25 58.0 57.0 56.0 55.0 54.0 54.666666666666664
53.333333333333336 54.5 55.666666666666664 56.833333333333336 58.0 57.0 56.0 55.0 54.5 54.0 53.5 53.0 55.0 57.0 59.0 58.75 58.5 58.25 58.0 56.25 54.5 52.75 51.0 52.166666666666664
53.333333333333336 54.5 55.666666666666664 56.833333333333336 58.0 57.0 56.0 55.0 54.25 53.5 52.75 52.0 54.333333333333336 56.666666666666664 59.0 58.75 58.5 58.25 58.0 56.25 54.5 52.75 51.0 52.166666666666664
53.666666666666664 55.0 56.333333333333336 57.666666666666664 59.0 57.5 56.0 55.0 54.25 53.5 52.75 52.0 53.333333333333336 54.666666666666664 56.0 34.0 42.0 50.0 58.0 56.25 54.5 52.75 51.0 52.333333333333336
53.666666666666664 55.0 56.333333333333336 57.666666666666664 59.0 57.0 55.0 54.4 53.8 53.2 52.6 52.0 53.333333333333336 54.666666666666664 56.0 34.0 41.333333333333336 48.666666666666664 56.0 54.75 53.5 52.25 51.0 52.333333333333336
55.666666666666664 56.5 57.333333333333336 58.166666666666664 59.0 57.0 55.0 49.0 43.0 37.0 44.5 52.0 53.333333333333336 54.666666666666664 56.0 34.0 41.333333333333336 48.666666666666664 56.0 55.5 55.0 54.5 54.0 54.833333333333336
55.666666666666664 56.5 57.333333333333336 58.166666666666664 59.0 57.0 55.0 49.0 43.0 37.0 40.8 44.6 48.4 52.2 56.0 34.0 41.333333333333336 48.666666666666664 56.0 55.5 55.0 54.5 54.0 54.833333333333336
53.0 52.5 52.0 52.75 53.5 54.25 55.0 49.0 43.0 37.0 38.30769230769231 39.61538461538461 40.92307692307692 42.23076923076923 43.53846153846154 44.84615384615385 46.15384615384615 47.46153846153846 48.769230769230774 50.07692307692308 51.38461538461539 52.69230769230769 54.0 53.5
