52.5 49.75 47.0 49.25 51.5 53.75 56.0 55.2 54.4 53.6 52.8 52.0 53.0 54.0 55.0 55.375 55.75 56.125 56.5 56.875 57.25 57.625 58.0 55.25
52.5 49.75 47.0 49.25 51.5 53.75 56.0 55.2 54.4 53.6 52.8 52.0 53.0 54.0 55.0 55.375 55.75 56.125 56.5 56.875 57.25 57.625 58.0 55.25
52.5 49.75 47.0 49.25 51.5 53.75 56.0 55.2 54.4 53.6 52.8 52.0 53.0 54.0 55.0 55.375 55.75 56.125 56.5 56.875 57.25 57.625 58.0 55.25
52.5 49.75 47.0 49.25 51.5 53.75 56.0 55.2 54.4 53.6 52.8 52.0 53.0 54.0 55.0 55.375 55.75 56.125 56.5 56.875 57.25 57.625 58.0 55.25
57.0 56.5 56.0 55.0 54.0 53.0 52.0 51.4 50.8 50.2 49.6 49.0 50.333333333333336 51.666666666666664 53.0 53.625 54.25 54.875 55.5 56.125 56.75 57.375 58.0 57.5
57.0 56.5 56.0 55.0 54.0 53.0 52.0 51.4 50.8 50.2 49.6 49.0 50.333333333333336 51.666666666666664 53.0 53.625 54.25 54.875 55.5 56.125 56.75 57.375 58.0 57.5
57.0 56.5 56.0 55.0 54.0 53.0 52.0 51.4 50.8 50.2 49.6 49.0 50.333333333333336 51.666666666666664 53.0 53.625 54.25 54.875 55.5 56.125 56.75 57.375 58.0 57.5
57.0 56.5 56.0 55.5 55.0 54.5 54.0 53.0 52.0 51.0 50.0 49.0 50.333333333333336 51.666666666666664 53.0 53.625 54.25 54.875 55.5 56.125 56.75 57.375 58.0 57.5
53.5 51.25 49.0 50.25 51.5 52.75 54.0 52.8 51.6 50.4 49.2 48.0 50.0 52.0 54.0 54.5 55.0 55.5 56.0 56.5 57.0 57.5 58.0 55.75
53.5 51.25 49.0 50.25 51.5 52.75 54.0 52.8 51.6 50.4 49.2 48.0 50.0 52.0 54.0 54.5 55.0 55.5 56.0 56.5 57.0 57.5 58.0 55.75
53.5 51.25 49.0 50.25 51.5 52.75 54.0 52.8 51.6 50.4 49.2 48.0 50.0 52.0 54.0 54.5 55.0 55.5 56.0 56.5 57.0 57.5 58.0 55.75
53.5 51.25 49.0 50.25 51.5 52.75 54.0 52.6 51.2 49.8 48.4 47.0 50.0 53.0 56.0 56.25 56.5 56.75 57.0 57.25 57.5 57.75 58.0 55.75
54.5 52.75 51.0 51.25 51.5 51.75 52.0 51.0 50.0 49.0 48.0 47.0 50.0 53.0 56.0 56.25 56.5 56.75 57.0 57.25 57.5 57.75 58.0 56.25
54.5 52.75 51.0 51.25 51.5 51.75 52.0 51.0 50.0 49.0 48.0 47.0 50.0 53.0 56.0 56.25 56.5 56.75 57.0 57.25 57.5 57.75 58.0 56.25
54.5 52.75 51.0 51.25 51.5 51.75 52.0 51.0 50.0 49.0 48.0 47.0 50.0 53.0 56.0 56.25 56.5 56.75 57.0 57.25 57.5 57.75 58.0 56.25
53.0 50.5 48.0 49.25 50.5 51.75 53.0 51.8 50.6 49.4 48.2 47.0 51.0 55.0 59.0 58.875 58.75 58.625 58.5 58.375 58.25 58.125 58.0 55.5
53.0 50.5 48.0 49.25 50.5 51.75 53.0 51.8 50.6 49.4 48.2 47.0 51.0 55.0 59.0 58.875 58.75 58.625 58.5 58.375 58.25 58.125 58.0 55.5
53.0 50.5 48.0 49.25 50.5 51.75 53.0 51.8 50.6 49.4 48.2 47.0 51.0 55.0 59.0 58.875 58.75 58.625 58.5 58.375 58.25 58.125 58.0 55.5
53.0 50.0 47.0 48.75 50.5 52.25 54.0 52.8 51.6 50.4 49.2 48.0 50.0 52.0 54.0 54.625 55.25 55.875 56.5 57.125 57.75 58.375 59.0 56.0
53.0 50.0 47.0 48.75 50.5 52.25 54.0 52.8 51.6 50.4 49.2 48.0 50.0 52.0 54.0 54.625 55.25 55.875 56.5 57.125 57.75 58.375 59.0 56.0
53.0 50.0 47.0 48.75 50.5 52.25 54.0 52.8 51.6 50.4 49.2 48.0 50.0 52.0 54.0 54.625 55.25 55.875 56.5 57.125 57.75 58.375 59.0 56.0
53.0 50.0 47.0 48.75 50.5 52.25 54.0 52.8 51.6 50.4 49.2 48.0 50.0 52.0 54.0 54.625 55.25 55.875 56.5 57.125 57.75 58.375 59.0 56.0
57.0 55.5 54.0 53.25 52.5 51.75 51.0 50.2 49.4 48.6 47.8 47.0 49.0 51.0 53.0 53.875 54.75 55.625 56.5 57.375 58.25 59.125 60.0 58.5
57.0 55.5 54.0 53.25 52.5 51.75 51.0 50.2 49.4 48.6 47.8 47.0 49.0 51.0 53.0 53.875 54.75 55.625 56.5 57.375 58.25 59.125 60.0 58.5
57.0 55.5 54.0 53.25 52.5 51.75 51.0 50.2 49.4 48.6 47.8 47.0 49.0 51.0 53.0 53.875 54.75 55.625 56.5 57.375 58.25 59.125 60.0 58.5
59.5 59.25 59.0 57.25 55.5 53.75 52.0 51.8 51.6 51.4 51.2 51.0 52.0 53.0 54.0 54.75 55.5 56.25 57.0 57.75 58.5 59.25 60.0 59.75
59.5 59.25 59.0 57.25 55.5 53.75 52.0 51.8 51.6 51.4 51.2 51.0 52.0 53.0 54.0 54.75 55.5 56.25 57.0 57.75 58.5 59.25 60.0 59.75
59.5 59.25 59.0 57.25 55.5 53.75 52.0 51.8 51.6 51.4 51.2 51.0 52.0 53.0 54.0 54.75 55.5 56.25 57.0 57.75 58.5 59.25 60.0 59.75
59.5 59.25 59.0 57.25 55.5 53.75 52.0 51.8 51.6 51.4 51.2 51.0 52.0 53.0 54.0 54.75 55.5 56.25 57.0 57.75 58.5 59.25 60.0 59.75
