54.41176470588235 55.17647058823529 55.94117647058823 56.705882352941174 57.470588235294116 58.23529411764706 59.0 56.2 53.4 50.6 47.8 45.0 59.0 46.0 46.76470588235294 47.529411764705884 48.294117647058826 49.05882352941177 49.8235294117647 50.588235294117645 51.35294117647059 52.11764705882353 52.88235294117647 53.64705882352941
54.41176470588235 55.17647058823529 55.94117647058823 56.705882352941174 57.470588235294116 58.23529411764706 59.0 59.333333333333336 59.666666666666664 60.0 52.5 45.0 59.0 46.0 46.76470588235294 47.529411764705884 48.294117647058826 49.05882352941177 49.8235294117647 50.588235294117645 51.35294117647059 52.11764705882353 52.88235294117647 53.64705882352941
54.41176470588235 55.17647058823529 55.94117647058823 56.705882352941174 57.470588235294116 58.23529411764706 59.0 59.333333333333336 59.666666666666664 60.0 52.5 45.0 59.0 46.0 46.76470588235294 47.529411764705884 48.294117647058826 49.05882352941177 49.8235294117647 50.588235294117645 51.35294117647059 52.11764705882353 52.88235294117647 53.64705882352941
55.05882352941177 55.88235294117647 56.705882352941174 57.529411764705884 58.35294117647059 59.17647058823529 60.0 60.0 60.0 60.0 52.5 45.0 59.0 46.0 46.8235294117647 47.64705882352941 48.470588235294116 49.294117647058826 50.11764705882353 50.94117647058823 51.76470588235294 52.588235294117645 53.411764705882355 54.23529411764706
55.05882352941177 55.88235294117647 56.705882352941174 57.529411764705884 58.35294117647059 59.17647058823529 60.0 60.0 60.0 60.0 58.0 48.0 60.0 46.0 46.8235294117647 47.64705882352941 48.470588235294116 49.294117647058826 50.11764705882353 50.94117647058823 51.76470588235294 52.588235294117645 53.411764705882355 54.23529411764706
55.05882352941177 55.88235294117647 56.705882352941174 57.529411764705884 58.35294117647059 59.17647058823529 60.0 59.5 59.0 58.5 58.0 48.0 60.0 46.0 46.8235294117647 47.64705882352941 48.470588235294116 49.294117647058826 50.11764705882353 50.94117647058823 51.76470588235294 52.588235294117645 53.411764705882355 54.23529411764706
55.05882352941177 55.88235294117647 56.705882352941174 57.529411764705884 58.35294117647059 59.17647058823529 60.0 59.5 59.0 58.5 58.0 48.0 60.0 46.0 46.8235294117647 47.64705882352941 48.470588235294116 49.294117647058826 50.11764705882353 50.94117647058823 51.76470588235294 52.588235294117645 53.411764705882355 54.23529411764706
52.35294117647059 53.294117647058826 54.23529411764706 55.17647058823529 56.11764705882353 57.05882352941177 58.0 58.25 58.5 58.75 59.0 48.0 60.0 42.0 42.94117647058823 43.88235294117647 44.8235294117647 45.76470588235294 46.705882352941174 47.64705882352941 48.588235294117645 49.529411764705884 50.470588235294116 51.411764705882355
52.35294117647059 53.294117647058826 54.23529411764706 55.17647058823529 56.11764705882353 57.05882352941177 58.0 58.25 58.5 58.75 59.0 39.0 40.5 42.0 42.94117647058823 43.88235294117647 44.8235294117647 45.76470588235294 46.705882352941174 47.64705882352941 48.588235294117645 49.529411764705884 50.470588235294116 51.411764705882355
52.35294117647059 53.294117647058826 54.23529411764706 55.17647058823529 56.11764705882353 57.05882352941177 58.0 58.333333333333336 58.666666666666664 59.0 59.0 39.0 40.5 42.0 42.94117647058823 43.88235294117647 44.8235294117647 45.76470588235294 46.705882352941174 47.64705882352941 48.588235294117645 49.529411764705884 50.470588235294116 51.411764705882355
52.35294117647059 53.294117647058826 54.23529411764706 55.17647058823529 56.11764705882353 57.05882352941177 58.0 58.333333333333336 58.666666666666664 59.0 59.0 39.0 40.5 42.0 42.94117647058823 43.88235294117647 44.8235294117647 45.76470588235294 46.705882352941174 47.64705882352941 48.588235294117645 49.529411764705884 50.470588235294116 51.411764705882355
51.94117647058823 53.11764705882353 54.294117647058826 55.470588235294116 56.64705882352941 57.82352941176471 59.0 59.0 59.0 59.0 60.0 39.0 39.0 39.0 40.1764705882353 41.35294117647059 42.529411764705884 43.705882352941174 44.88235294117647 46.05882352941177 47.23529411764706 48.411764705882355 49.588235294117645 50.76470588235294
51.94117647058823 53.11764705882353 54.294117647058826 55.470588235294116 56.64705882352941 57.82352941176471 59.0 59.0 59.0 59.0 60.0 42.0 40.5 39.0 40.1764705882353 41.35294117647059 42.529411764705884 43.705882352941174 44.88235294117647 46.05882352941177 47.23529411764706 48.411764705882355 49.588235294117645 50.76470588235294
51.94117647058823 53.11764705882353 54.294117647058826 55.470588235294116 56.64705882352941 57.82352941176471 59.0 58.333333333333336 57.666666666666664 57.0 60.0 42.0 40.5 39.0 40.1764705882353 41.35294117647059 42.529411764705884 43.705882352941174 44.88235294117647 46.05882352941177 47.23529411764706 48.411764705882355 49.588235294117645 50.76470588235294
51.94117647058823 53.11764705882353 54.294117647058826 55.470588235294116 56.64705882352941 57.82352941176471 59.0 58.333333333333336 57.666666666666664 57.0 60.0 42.0 40.5 39.0 40.1764705882353 41.35294117647059 42.529411764705884 43.705882352941174 44.88235294117647 46.05882352941177 47.23529411764706 48.411764705882355 49.588235294117645 50.76470588235294
53.85 54.2 54.55 54.9 55.25 55.6 55.95 56.3 56.65 57.0 59.0 42.0 46.0 50.0 50.35 50.7 51.05 51.4 51.75 52.1 52.45 52.8 53.15 53.5
54.4 54.8 55.2 55.6 56.0 56.4 56.8 57.2 57.6 58.0 59.0 39.0 44.5 50.0 50.4 50.8 51.2 51.6 52.0 52.4 52.8 53.2 53.6 54.0
54.4 54.8 55.2 55.6 56.0 56.4 56.8 57.2 57.6 58.0 59.0 39.0 44.5 50.0 50.4 50.8 51.2 51.6 52.0 52.4 52.8 53.2 53.6 54.0
51.7 52.4 53.1 53.8 54.5 55.2 55.9 56.6 57.3 58.0 59.0 39.0 41.5 44.0 44.7 45.4 46.1 46.8 47.5 48.2 48.9 49.6 50.3 51.0
51.7 52.4 53.1 53.8 54.5 55.2 55.9 56.6 57.3 58.0 58.0 38.0 59.0 44.0 44.7 45.4 46.1 46.8 47.5 48.2 48.9 49.6 50.3 51.0
49.5 50.0 50.5 51.0 51.5 52.0 52.5 53.0 53.5 54.0 58.0 38.0 59.0 44.0 44.5 45.0 45.5 46.0 46.5 47.0 47.5 48.0 48.5 49.0
49.5 50.0 50.5 51.0 51.5 52.0 52.5 53.0 53.5 54.0 58.0 38.0 59.0 44.0 44.5 45.0 45.5 46.0 46.5 47.0 47.5 48.0 48.5 49.0
47.64705882352941 48.705882352941174 49.76470588235294 50.82352941176471 51.88235294117647 52.94117647058823 54.0 54.0 54.0 54.0 59.0 38.0 59.0 36.0 37.05882352941177 38.11764705882353 39.1764705882353 40.23529411764706 41.294117647058826 42.35294117647059 43.411764705882355 44.470588235294116 45.529411764705884 46.588235294117645
47.64705882352941 48.705882352941174 49.76470588235294 50.82352941176471 51.88235294117647 52.94117647058823 54.0 54.0 54.0 54.0 59.0 40.0 38.0 36.0 37.05882352941177 38.11764705882353 39.1764705882353 40.23529411764706 41.294117647058826 42.35294117647059 43.411764705882355 44.470588235294116 45.529411764705884 46.588235294117645
47.64705882352941 48.705882352941174 49.76470588235294 50.82352941176471 51.88235294117647 52.94117647058823 54.0 55.666666666666664 57.333333333333336 59.0 59.0 40.0 38.0 36.0 37.05882352941177 38.11764705882353 39.1764705882353 40.23529411764706 41.294117647058826 42.35294117647059 43.411764705882355 44.470588235294116 45.529411764705884 46.588235294117645
47.64705882352941 48.705882352941174 49.76470588235294 50.82352941176471 51.88235294117647 52.94117647058823 54.0 55.666666666666664 57.333333333333336 59.0 59.0 40.0 38.0 36.0 37.05882352941177 38.11764705882353 39.1764705882353 40.23529411764706 41.294117647058826 42.35294117647059 43.411764705882355 44.470588235294116 45.529411764705884 46.588235294117645
48.294117647058826 49.411764705882355 50.529411764705884 51.64705882352941 52.76470588235294 53.88235294117647 55.0 56.333333333333336 57.666666666666664 59.0 56.0 40.0 38.0 36.0 37.11764705882353 38.23529411764706 39.35294117647059 40.470588235294116 41.588235294117645 42.705882352941174 43.82352941176471 44.94117647058823 46.05882352941177 47.17647058823529
48.294117647058826 49.411764705882355 50.529411764705884 51.64705882352941 52.76470588235294 53.88235294117647 55.0 56.333333333333336 57.666666666666664 59.0 56.0 37.0 36.5 36.0 37.11764705882353 38.23529411764706 39.35294117647059 40.470588235294116 41.588235294117645 42.705882352941174 43.82352941176471 44.94117647058823 46.05882352941177 47.17647058823529
48.294117647058826 49.411764705882355 50.529411764705884 51.64705882352941 52.76470588235294 53.88235294117647 55.0 55.25 55.5 55.75 56.0 37.0 36.5 36.0 37.11764705882353 38.23529411764706 39.35294117647059 40.470588235294116 41.588235294117645 42.705882352941174 43.82352941176471 44.94117647058823 46.05882352941177 47.17647058823529
48.294117647058826 49.411764705882355 50.529411764705884 51.64705882352941 52.76470588235294 53.88235294117647 55.0 55.25 55.5 55.75 56.0 37.0 36.5 36.0 37.11764705882353 38.23529411764706 39.35294117647059 40.470588235294116 41.588235294117645 42.705882352941174 43.82352941176471 44.94117647058823 46.05882352941177 47.17647058823529
48.476190476190474 49.42857142857143 50.38095238095238 51.33333333333333 52.285714285714285 53.23809523809524 54.19047619047619 55.14285714285714 56.095238095238095 57.04761904761905 58.0 40.0 58.0 38.0 38.95238095238095 39.904761904761905 40.857142857142854 41.80952380952381 42.76190476190476 43.714285714285715 44.666666666666664 45.61904761904762 46.57142857142857 47.523809523809526
49.0 50.0 51.0 52.0 53.0 54.0 55.0 56.0 57.0 58.0 58.0 40.0 58.0 38.0 39.0 40.0 41.0 42.0 43.0 44.0 45.0 46.0 47.0 48.0
51.58823529411765 52.82352941176471 54.05882352941177 55.294117647058826 56.529411764705884 57.76470588235294 59.0 58.666666666666664 58.333333333333336 58.0 58.0 40.0 58.0 38.0 39.23529411764706 40.470588235294116 41.705882352941174 42.94117647058823 44.1764705882353 45.411764705882355 46.64705882352941 47.88235294117647 49.11764705882353 50.35294117647059
54.05882352941177 54.88235294117647 55.705882352941174 56.529411764705884 57.35294117647059 58.17647058823529 59.0 58.666666666666664 58.333333333333336 58.0 60.0 39.0 60.0 45.0 45.8235294117647 46.64705882352941 47.470588235294116 48.294117647058826 49.11764705882353 49.94117647058823 50.76470588235294 51.588235294117645 52.411764705882355 53.23529411764706
54.05882352941177 54.88235294117647 55.705882352941174 56.529411764705884 57.35294117647059 58.17647058823529 59.0 57.666666666666664 56.333333333333336 55.0 60.0 39.0 60.0 45.0 45.8235294117647 46.64705882352941 47.470588235294116 48.294117647058826 49.11764705882353 49.94117647058823 50.76470588235294 51.588235294117645 52.411764705882355 53.23529411764706
54.05882352941177 54.88235294117647 55.705882352941174 56.529411764705884 57.35294117647059 58.17647058823529 59.0 57.666666666666664 56.333333333333336 55.0 60.0 39.0 60.0 45.0 45.8235294117647 46.64705882352941 47.470588235294116 48.294117647058826 49.11764705882353 49.94117647058823 50.76470588235294 51.588235294117645 52.411764705882355 53.23529411764706
56.529411764705884 56.94117647058823 57.35294117647059 57.76470588235294 58.17647058823529 58.588235294117645 59.0 57.666666666666664 56.333333333333336 55.0 60.0 39.0 60.0 52.0 52.411764705882355 52.8235294117647 53.23529411764706 53.64705882352941 54.05882352941177 54.470588235294116 54.88235294117647 55.294117647058826 55.705882352941174 56.11764705882353
54.588235294117645 54.8235294117647 55.05882352941177 55.294117647058826 55.529411764705884 55.76470588235294 56.0 55.666666666666664 55.333333333333336 55.0 47.5 40.0 58.0 52.0 52.23529411764706 52.470588235294116 52.705882352941174 52.94117647058823 53.1764705882353 53.411764705882355 53.64705882352941 53.88235294117647 54.11764705882353 54.35294117647059
54.588235294117645 54.8235294117647 55.05882352941177 55.294117647058826 55.529411764705884 55.76470588235294 56.0 56.0 56.0 56.0 48.0 40.0 58.0 52.0 52.23529411764706 52.470588235294116 52.705882352941174 52.94117647058823 53.1764705882353 53.411764705882355 53.64705882352941 53.88235294117647 54.11764705882353 54.35294117647059
54.588235294117645 54.8235294117647 55.05882352941177 55.294117647058826 55.529411764705884 55.76470588235294 56.0 56.0 56.0 56.0 48.0 40.0 58.0 52.0 52.23529411764706 52.470588235294116 52.705882352941174 52.94117647058823 53.1764705882353 53.411764705882355 53.64705882352941 53.88235294117647 54.11764705882353 54.35294117647059
54.64705882352941 54.705882352941174 54.76470588235294 54.8235294117647 54.88235294117647 54.94117647058823 55.0 55.333333333333336 55.666666666666664 56.0 59.0 40.0 58.0 54.0 54.05882352941177 54.11764705882353 54.1764705882353 54.23529411764706 54.294117647058826 54.35294117647059 54.411764705882355 54.470588235294116 54.529411764705884 54.588235294117645
54.64705882352941 54.705882352941174 54.76470588235294 54.8235294117647 54.88235294117647 54.94117647058823 55.0 55.333333333333336 55.666666666666664 56.0 59.0 38.0 46.0 54.0 54.05882352941177 54.11764705882353 54.1764705882353 54.23529411764706 54.294117647058826 54.35294117647059 54.411764705882355 54.470588235294116 54.529411764705884 54.588235294117645
54.64705882352941 54.705882352941174 54.76470588235294 54.8235294117647 54.88235294117647 54.94117647058823 55.0 56.666666666666664 58.333333333333336 60.0 59.0 38.0 46.0 54.0 54.05882352941177 54.11764705882353 54.1764705882353 54.23529411764706 54.294117647058826 54.35294117647059 54.411764705882355 54.470588235294116 54.529411764705884 54.588235294117645
50.23529411764706 50.529411764705884 50.8235294117647 51.11764705882353 51.411764705882355 51.705882352941174 52.0 54.666666666666664 57.333333333333336 60.0 60.0 38.0 42.5 47.0 47.294117647058826 47.588235294117645 47.88235294117647 48.1764705882353 48.470588235294116 48.76470588235294 49.05882352941177 49.35294117647059 49.64705882352941 49.94117647058823
50.23529411764706 50.529411764705884 50.8235294117647 51.11764705882353 51.411764705882355 51.705882352941174 52.0 54.666666666666664 57.333333333333336 60.0 60.0 39.0 60.0 47.0 47.294117647058826 47.588235294117645 47.88235294117647 48.1764705882353 48.470588235294116 48.76470588235294 49.05882352941177 49.35294117647059 49.64705882352941 49.94117647058823
50.23529411764706 50.529411764705884 50.8235294117647 51.11764705882353 51.411764705882355 51.705882352941174 52.0 53.333333333333336 54.666666666666664 56.0 60.0 39.0 60.0 47.0 47.294117647058826 47.588235294117645 47.88235294117647 48.1764705882353 48.470588235294116 48.76470588235294 49.05882352941177 49.35294117647059 49.64705882352941 49.94117647058823
50.23529411764706 50.529411764705884 50.8235294117647 51.11764705882353 51.411764705882355 51.705882352941174 52.0 53.333333333333336 54.666666666666664 56.0 60.0 39.0 60.0 47.0 47.294117647058826 47.588235294117645 47.88235294117647 48.1764705882353 48.470588235294116 48.76470588235294 49.05882352941177 49.35294117647059 49.64705882352941 49.94117647058823
52.88235294117647 53.23529411764706 53.588235294117645 53.94117647058823 54.294117647058826 54.64705882352941 55.0 55.333333333333336 55.666666666666664 56.0 59.0 39.0 60.0 49.0 49.35294117647059 49.705882352941174 50.05882352941177 50.411764705882355 50.76470588235294 51.11764705882353 51.470588235294116 51.8235294117647 52.1764705882353 52.529411764705884
52.88235294117647 53.23529411764706 53.588235294117645 53.94117647058823 54.294117647058826 54.64705882352941 55.0 56.666666666666664 58.333333333333336 60.0 59.0 41.0 60.0 49.0 49.35294117647059 49.705882352941174 50.05882352941177 50.411764705882355 50.76470588235294 51.11764705882353 51.470588235294116 51.8235294117647 52.1764705882353 52.529411764705884
52.88235294117647 53.23529411764706 53.588235294117645 53.94117647058823 54.294117647058826 54.64705882352941 55.0 56.666666666666664 58.333333333333336 60.0 59.0 41.0 60.0 49.0 49.35294117647059 49.705882352941174 50.05882352941177 50.411764705882355 50.76470588235294 51.11764705882353 51.470588235294116 51.8235294117647 52.1764705882353 52.529411764705884
50.05882352941177 50.88235294117647 51.705882352941174 52.529411764705884 53.35294117647059 54.17647058823529 55.0 56.666666666666664 58.333333333333336 60.0 59.0 41.0 60.0 41.0 41.8235294117647 42.64705882352941 43.470588235294116 44.294117647058826 45.11764705882353 45.94117647058823 46.76470588235294 47.588235294117645 48.411764705882355 49.23529411764706
50.05882352941177 50.88235294117647 51.705882352941174 52.529411764705884 53.35294117647059 54.17647058823529 55.0 56.666666666666664 58.333333333333336 60.0 50.0 40.0 60.0 41.0 41.8235294117647 42.64705882352941 43.470588235294116 44.294117647058826 45.11764705882353 45.94117647058823 46.76470588235294 47.588235294117645 48.411764705882355 49.23529411764706
50.05882352941177 50.88235294117647 51.705882352941174 52.529411764705884 53.35294117647059 54.17647058823529 55.0 55.0 55.0 55.0 47.5 40.0 60.0 41.0 41.8235294117647 42.64705882352941 43.470588235294116 44.294117647058826 45.11764705882353 45.94117647058823 46.76470588235294 47.588235294117645 48.411764705882355 49.23529411764706
50.05882352941177 50.88235294117647 51.705882352941174 52.529411764705884 53.35294117647059 54.17647058823529 55.0 55.0 55.0 55.0 47.5 40.0 60.0 41.0 41.8235294117647 42.64705882352941 43.470588235294116 44.294117647058826 45.11764705882353 45.94117647058823 46.76470588235294 47.588235294117645 48.411764705882355 49.23529411764706
50.95 51.4 51.85 52.3 52.75 53.2 53.65 54.1 54.55 55.0 56.0 40.0 60.0 46.0 46.45 46.9 47.35 47.8 48.25 48.7 49.15 49.6 50.05 50.5
50.95 51.4 51.85 52.3 52.75 53.2 53.65 54.1 54.55 55.0 56.0 41.0 60.0 46.0 46.45 46.9 47.35 47.8 48.25 48.7 49.15 49.6 50.05 50.5
53.7 54.4 55.1 55.8 56.5 57.2 57.9 58.6 59.3 60.0 56.0 41.0 60.0 46.0 46.7 47.4 48.1 48.8 49.5 50.2 50.9 51.6 52.3 53.0
50.1 51.2 52.3 53.400000000000006 54.5 55.6 56.7 57.8 58.900000000000006 60.0 56.0 41.0 60.0 38.0 39.1 40.2 41.3 42.4 43.5 44.6 45.7 46.8 47.9 49.0
50.1 51.2 52.3 53.400000000000006 54.5 55.6 56.7 57.8 58.900000000000006 60.0 59.0 42.0 60.0 38.0 39.1 40.2 41.3 42.4 43.5 44.6 45.7 46.8 47.9 49.0
47.35 48.2 49.05 49.9 50.75 51.6 52.45 53.3 54.15 55.0 59.0 42.0 60.0 38.0 38.85 39.7 40.55 41.4 42.25 43.1 43.95 44.8 45.65 46.5
47.35 48.2 49.05 49.9 50.75 51.6 52.45 53.3 54.15 55.0 59.0 42.0 60.0 38.0 38.85 39.7 40.55 41.4 42.25 43.1 43.95 44.8 45.65 46.5
49.529411764705884 50.94117647058823 52.352941176470594 53.76470588235294 55.1764705882353 56.58823529411765 58.0 57.0 56.0 55.0 59.0 42.0 60.0 34.0 35.411764705882355 36.8235294117647 38.23529411764706 39.64705882352941 41.05882352941177 42.470588235294116 43.88235294117647 45.294117647058826 46.705882352941174 48.11764705882353
49.529411764705884 50.94117647058823 52.352941176470594 53.76470588235294 55.1764705882353 56.58823529411765 58.0 57.0 56.0 55.0 59.0 41.0 60.0 34.0 35.411764705882355 36.8235294117647 38.23529411764706 39.64705882352941 41.05882352941177 42.470588235294116 43.88235294117647 45.294117647058826 46.705882352941174 48.11764705882353
49.529411764705884 50.94117647058823 52.352941176470594 53.76470588235294 55.1764705882353 56.58823529411765 58.0 58.333333333333336 58.666666666666664 59.0 59.0 41.0 60.0 34.0 35.411764705882355 36.8235294117647 38.23529411764706 39.64705882352941 41.05882352941177 42.470588235294116 43.88235294117647 45.294117647058826 46.705882352941174 48.11764705882353
47.75 49.0 50.25 51.5 52.75 54.0 55.25 56.5 57.75 59.0 59.0 41.0 60.0 34.0 35.25 36.5 37.75 39.0 40.25 41.5 42.75 44.0 45.25 46.5
55.85 56.2 56.55 56.9 57.25 57.6 57.95 58.3 58.65 59.0 59.0 41.0 46.5 52.0 52.35 52.7 53.05 53.4 53.75 54.1 54.45 54.8 55.15 55.5
54.2 54.4 54.6 54.8 55.0 55.2 55.4 55.6 55.8 56.0 59.0 41.0 46.5 52.0 52.2 52.4 52.6 52.8 53.0 53.2 53.4 53.6 53.8 54.0
54.2 54.4 54.6 54.8 55.0 55.2 55.4 55.6 55.8 56.0 59.0 41.0 46.5 52.0 52.2 52.4 52.6 52.8 53.0 53.2 53.4 53.6 53.8 54.0
52.85 53.2 53.55 53.9 54.25 54.6 54.95 55.3 55.65 56.0 59.0 41.0 45.0 49.0 49.35 49.7 50.05 50.4 50.75 51.1 51.45 51.8 52.15 52.5
56.11764705882353 56.76470588235294 57.411764705882355 58.05882352941177 58.705882352941174 59.35294117647059 60.0 58.666666666666664 57.333333333333336 56.0 60.0 41.0 45.0 49.0 49.64705882352941 50.294117647058826 50.94117647058823 51.588235294117645 52.23529411764706 52.88235294117647 53.529411764705884 54.1764705882353 54.82352941176471 55.470588235294116
56.11764705882353 56.76470588235294 57.411764705882355 58.05882352941177 58.705882352941174 59.35294117647059 60.0 60.0 60.0 60.0 60.0 41.0 45.0 49.0 49.64705882352941 50.294117647058826 50.94117647058823 51.588235294117645 52.23529411764706 52.88235294117647 53.529411764705884 54.1764705882353 54.82352941176471 55.470588235294116
56.11764705882353 56.76470588235294 57.411764705882355 58.05882352941177 58.705882352941174 59.35294117647059 60.0 60.0 60.0 60.0 60.0 41.0 45.0 49.0 49.64705882352941 50.294117647058826 50.94117647058823 51.588235294117645 52.23529411764706 52.88235294117647 53.529411764705884 54.1764705882353 54.82352941176471 55.470588235294116
