60.8 62.4 64.0 60.5 57.0 53.5 50.0 46.5 43.0 39.5 36.0 46.666666666666664 57.33333333333333 68.0 66.5 65.0 63.5 62.0 60.5 59.0 57.5 56.0 57.6 59.2
42.8 38.4 34.0 34.25 34.5 34.75 35.0 35.25 35.5 35.75 36.0 46.666666666666664 57.33333333333333 68.0 66.5 65.0 63.5 62.0 60.5 59.0 57.5 56.0 51.6 47.2
48.8 41.4 34.0 34.25 34.5 34.75 35.0 35.25 35.5 35.75 36.0 46.666666666666664 57.33333333333333 68.0 68.375 68.75 69.125 69.5 69.875 70.25 70.625 71.0 63.6 56.2
48.8 41.4 34.0 34.25 34.5 34.75 35.0 35.25 35.5 35.75 36.0 44.0 52.0 60.0 61.375 62.75 64.125 65.5 66.875 68.25 69.625 71.0 63.6 56.2
63.8 61.4 59.0 57.888888888888886 56.77777777777778 55.666666666666664 54.55555555555556 53.44444444444444 52.333333333333336 51.22222222222222 50.111111111111114 49.0 54.5 60.0 61.375 62.75 64.125 65.5 66.875 68.25 69.625 71.0 68.6 66.2
67.5 63.25 59.0 63.5 68.0 72.5 77.0 71.4 65.8 60.2 54.6 49.0 54.5 60.0 63.75 67.5 71.25 75.0 75.2 75.4 75.6 75.8 76.0 71.75
67.5 63.25 59.0 63.5 68.0 72.5 77.0 71.4 65.8 60.2 54.6 49.0 55.0 61.0 64.5 68.0 71.5 75.0 75.2 75.4 75.6 75.8 76.0 71.75
76.0 76.0 76.0 70.5 65.0 71.0 77.0 77.25 77.5 77.75 78.0 49.0 55.0 61.0 64.5 68.0 71.5 75.0 75.2 75.4 75.6 75.8 76.0 76.0
76.0 76.0 76.0 70.5 65.0 71.0 77.0 77.25 77.5 77.75 78.0 58.0 59.5 61.0 73.0 73.66666666666667 74.33333333333333 75.0 75.2 75.4 75.6 75.8 76.0 76.0
74.5 75.25 76.0 70.5 65.0 64.5 64.0 67.5 71.0 74.5 78.0 58.0 59.5 61.0 73.0 73.71428571428571 74.42857142857143 75.14285714285714 75.85714285714286 76.57142857142857 77.28571428571429 78.0 73.0 73.75
74.5 75.25 76.0 70.5 65.0 67.16666666666667 69.33333333333333 71.5 73.66666666666667 75.83333333333333 78.0 58.0 76.0 74.5 73.0 73.71428571428571 74.42857142857143 75.14285714285714 75.85714285714286 76.57142857142857 77.28571428571429 78.0 73.0 73.75
74.5 75.25 76.0 73.0 70.0 69.83333333333333 69.66666666666667 69.5 69.33333333333333 69.16666666666667 69.0 58.0 76.0 74.5 73.0 73.71428571428571 74.42857142857143 75.14285714285714 75.85714285714286 76.57142857142857 77.28571428571429 78.0 73.0 73.75
73.5 73.75 74.0 72.0 70.0 69.83333333333333 69.66666666666667 69.5 69.33333333333333 69.16666666666667 69.0 51.0 76.0 68.0 60.0 62.57142857142857 65.14285714285714 67.71428571428572 70.28571428571429 72.85714285714286 75.42857142857143 78.0 73.0 73.25
72.5 73.25 74.0 72.0 70.0 69.83333333333333 69.66666666666667 69.5 69.33333333333333 69.16666666666667 69.0 51.0 76.0 68.0 60.0 65.0 70.0 75.0 80.0 79.66666666666667 79.33333333333333 79.0 71.0 71.75
72.5 73.25 74.0 72.0 70.0 61.0 52.0 57.0 62.0 67.0 69.0 51.0 64.0 61.0 60.0 65.0 70.0 75.0 80.0 79.66666666666667 79.33333333333333 79.0 71.0 71.75
72.5 73.25 74.0 72.0 70.0 61.0 52.0 57.0 62.0 67.0 65.0 51.0 64.0 61.0 60.0 65.0 70.0 75.0 80.0 79.66666666666667 79.33333333333333 79.0 71.0 71.75
67.0 65.0 63.0 65.5 68.0 60.0 52.0 57.0 62.0 67.0 65.0 51.0 64.0 61.0 53.0 59.75 66.5 73.25 80.0 79.66666666666667 79.33333333333333 79.0 71.0 69.0
66.5 64.75 63.0 65.5 68.0 60.0 52.0 57.0 62.0 67.0 65.0 51.0 64.0 61.0 53.0 59.75 66.5 73.25 80.0 78.66666666666667 77.33333333333333 76.0 70.0 68.25
66.5 64.75 63.0 65.5 68.0 59.0 50.0 56.666666666666664 63.333333333333336 70.0 65.0 51.0 62.0 65.0 53.0 59.75 66.5 73.25 80.0 78.66666666666667 77.33333333333333 76.0 70.0 68.25
70.5 70.75 71.0 64.5 58.0 54.0 50.0 31.0 50.5 70.0 73.0 51.0 62.0 65.0 53.0 59.75 66.5 73.25 80.0 78.66666666666667 77.33333333333333 76.0 70.0 70.25
70.5 70.75 71.0 64.5 58.0 54.0 50.0 31.0 50.5 70.0 73.0 53.0 62.0 65.0 53.0 59.75 66.5 73.25 80.0 78.66666666666667 77.33333333333333 76.0 70.0 70.25
70.5 70.75 71.0 64.5 58.0 56.0 54.0 31.0 50.5 70.0 73.0 53.0 62.0 65.0 56.0 58.714285714285715 61.42857142857143 64.14285714285714 66.85714285714286 69.57142857142857 72.28571428571428 75.0 70.0 70.25
70.5 70.75 71.0 64.5 58.0 76.0 54.0 31.0 54.0 77.0 73.0 53.0 71.0 60.0 56.0 58.714285714285715 61.42857142857143 64.14285714285714 66.85714285714286 69.57142857142857 72.28571428571428 75.0 70.0 70.25
70.0 70.0 70.0 70.0 70.0 76.0 54.0 31.0 54.0 77.0 70.0 63.0 71.0 60.0 56.0 58.714285714285715 61.42857142857143 64.14285714285714 66.85714285714286 69.57142857142857 72.28571428571428 75.0 70.0 70.0
70.0 70.0 70.0 70.0 70.0 76.0 54.0 36.0 56.5 77.0 70.0 63.0 71.0 60.0 41.0 50.5 60.0 69.5 79.0 76.33333333333333 73.66666666666667 71.0 70.0 70.0
70.0 70.0 70.0 70.0 70.0 63.5 57.0 36.0 42.75 49.5 56.25 63.0 70.0 76.0 41.0 58.0 65.0 72.0 79.0 76.33333333333333 73.66666666666667 71.0 70.0 70.0
74.0 76.0 78.0 80.0 65.0 61.0 57.0 36.0 42.75 49.5 56.25 63.0 70.0 76.0 41.0 58.0 65.0 72.0 79.0 76.33333333333333 73.66666666666667 71.0 70.0 72.0
69.0 68.5 68.0 80.0 65.0 61.0 57.0 58.0 59.0 60.0 61.0 62.0 70.0 76.0 41.0 58.0 80.0 79.5 79.0 76.33333333333333 73.66666666666667 71.0 70.0 69.5
68.5 68.25 68.0 80.0 65.0 61.0 57.0 58.0 59.0 60.0 61.0 62.0 70.0 76.0 44.0 58.0 80.0 79.5 79.0 77.0 75.0 73.0 69.0 68.75
68.5 68.25 68.0 79.0 68.0 64.0 60.0 60.4 60.8 61.2 61.6 62.0 71.0 75.0 44.0 72.0 80.0 79.5 79.0 77.0 75.0 73.0 69.0 68.75
69.5 69.75 70.0 79.0 68.0 64.0 60.0 60.4 60.8 61.2 61.6 62.0 71.0 75.0 44.0 72.0 80.0 79.5 79.0 77.0 75.0 73.0 69.0 69.25
69.0 69.5 70.0 79.0 68.0 64.0 60.0 60.0 60.0 60.0 60.0 60.0 71.0 75.0 46.0 72.0 74.33333333333333 76.66666666666667 79.0 78.0 77.0 76.0 68.0 68.5
69.0 69.5 70.0 79.0 68.0 63.0 58.0 58.4 58.8 59.2 59.6 60.0 72.0 59.0 46.0 54.25 62.5 70.75 79.0 78.0 77.0 76.0 68.0 68.5
69.0 69.5 70.0 78.0 68.0 63.0 58.0 58.4 58.8 59.2 59.6 60.0 72.0 59.0 46.0 54.25 62.5 70.75 79.0 78.0 77.0 76.0 68.0 68.5
69.5 70.25 71.0 78.0 70.0 64.0 58.0 58.2 58.4 58.6 58.8 59.0 72.0 59.0 46.0 54.25 62.5 70.75 79.0 78.0 77.0 76.0 68.0 68.75
70.0 70.5 71.0 78.0 70.0 63.5 57.0 57.4 57.8 58.2 58.6 59.0 72.0 66.5 61.0 64.75 68.5 72.25 76.0 75.66666666666667 75.33333333333333 75.0 69.0 69.5
70.0 70.5 71.0 70.5 70.0 63.5 57.0 57.4 57.8 58.2 58.6 59.0 66.0 67.0 61.0 64.75 68.5 72.25 76.0 75.66666666666667 75.33333333333333 75.0 69.0 69.5
62.5 59.25 56.0 61.5 67.0 62.0 57.0 62.75 68.5 74.25 80.0 59.0 66.0 67.0 61.0 64.75 68.5 72.25 76.0 75.66666666666667 75.33333333333333 75.0 69.0 65.75
62.5 59.25 56.0 61.5 67.0 62.0 57.0 62.75 68.5 74.25 80.0 52.0 66.0 67.0 61.0 64.75 68.5 72.25 76.0 75.66666666666667 75.33333333333333 75.0 69.0 65.75
62.5 59.25 56.0 61.5 67.0 62.0 57.0 62.75 68.5 74.25 80.0 52.0 67.0 63.0 59.0 63.25 67.5 71.75 76.0 74.66666666666667 73.33333333333333 72.0 69.0 65.75
62.5 59.25 56.0 61.5 67.0 59.5 52.0 59.0 66.0 73.0 80.0 52.0 67.0 63.0 59.0 63.25 67.5 71.75 76.0 74.66666666666667 73.33333333333333 72.0 69.0 65.75
67.0 66.0 65.0 66.0 67.0 59.5 52.0 57.0 62.0 67.0 72.0 50.0 67.0 63.0 59.0 63.25 67.5 71.75 76.0 74.66666666666667 73.33333333333333 72.0 69.0 68.0
66.0 65.5 65.0 66.0 67.0 59.5 52.0 57.0 62.0 67.0 72.0 50.0 67.0 63.0 63.0 66.5 70.0 73.5 77.0 76.66666666666667 76.33333333333333 76.0 67.0 66.5
66.0 65.5 65.0 66.0 67.0 58.5 50.0 55.5 61.0 66.5 72.0 50.0 63.0 71.0 63.0 66.5 70.0 73.5 77.0 76.66666666666667 76.33333333333333 76.0 67.0 66.5
66.0 65.5 65.0 70.0 75.0 62.5 50.0 53.75 57.5 61.25 65.0 50.0 63.0 71.0 63.0 66.5 70.0 73.5 77.0 76.66666666666667 76.33333333333333 76.0 67.0 66.5
66.0 65.5 65.0 70.0 75.0 62.5 50.0 40.0 48.333333333333336 56.66666666666667 65.0 41.0 63.0 71.0 63.0 66.5 70.0 73.5 77.0 76.66666666666667 76.33333333333333 76.0 67.0 66.5
69.5 67.25 65.0 70.0 75.0 66.5 58.0 40.0 56.0 72.0 65.0 41.0 63.0 71.0 66.0 67.0 68.0 69.0 70.0 71.0 72.0 73.0 74.0 71.75
69.5 67.25 65.0 70.0 75.0 66.5 58.0 40.0 79.0 72.0 56.0 41.0 69.0 67.5 66.0 67.0 68.0 69.0 70.0 71.0 72.0 73.0 74.0 71.75
74.5 74.75 75.0 70.75 66.5 62.25 58.0 68.5 79.0 72.0 56.0 36.0 69.0 67.5 66.0 67.0 68.0 69.0 70.0 71.0 72.0 73.0 74.0 74.25
74.14285714285714 74.57142857142857 75.0 70.75 66.5 62.25 58.0 68.5 79.0 72.0 56.0 36.0 69.0 69.42857142857143 69.85714285714286 70.28571428571429 70.71428571428571 71.14285714285714 71.57142857142857 72.0 72.42857142857143 72.85714285714286 73.28571428571429 73.71428571428571
75.76923076923077 75.38461538461539 75.0 67.25 59.5 51.75 44.0 61.5 79.0 67.5 56.0 36.0 58.0 80.0 79.61538461538461 79.23076923076923 78.84615384615384 78.46153846153847 78.07692307692308 77.6923076923077 77.3076923076923 76.92307692307692 76.53846153846153 76.15384615384616
64.76923076923077 63.38461538461539 62.0 70.5 79.0 61.5 44.0 46.0 48.0 50.0 52.0 36.0 58.0 80.0 78.61538461538461 77.23076923076923 75.84615384615384 74.46153846153847 73.07692307692308 71.6923076923077 70.3076923076923 68.92307692307692 67.53846153846153 66.15384615384616
64.76923076923077 63.38461538461539 62.0 70.5 79.0 61.5 44.0 46.0 48.0 50.0 52.0 61.333333333333336 70.66666666666667 80.0 78.61538461538461 77.23076923076923 75.84615384615384 74.46153846153847 73.07692307692308 71.6923076923077 70.3076923076923 68.92307692307692 67.53846153846153 66.15384615384616
64.76923076923077 63.38461538461539 62.0 70.5 79.0 74.5 70.0 65.5 61.0 56.5 52.0 61.333333333333336 70.66666666666667 80.0 78.61538461538461 77.23076923076923 75.84615384615384 74.46153846153847 73.07692307692308 71.6923076923077 70.3076923076923 68.92307692307692 67.53846153846153 66.15384615384616
62.4 62.2 62.0 70.5 79.0 74.5 70.0 65.5 61.0 56.5 52.0 55.333333333333336 58.666666666666664 62.0 62.125 62.25 62.375 62.5 62.625 62.75 62.875 63.0 62.8 62.6
62.4 62.2 62.0 58.5 55.0 55.77777777777778 56.55555555555556 57.333333333333336 58.111111111111114 58.888888888888886 59.666666666666664 60.44444444444444 61.22222222222222 62.0 62.125 62.25 62.375 62.5 62.625 62.75 62.875 63.0 62.8 62.6
