57.8 57.6 57.4 57.2 57.0 56.8 56.6 56.4 56.2 56.0 57.0 47.0 53.5 60.0 59.8 59.6 59.4 59.2 59.0 58.8 58.6 58.4 58.2 58.0
57.8 57.6 57.4 57.2 57.0 56.8 56.6 56.4 56.2 56.0 57.0 47.0 53.5 60.0 59.8 59.6 59.4 59.2 59.0 58.8 58.6 58.4 58.2 58.0
55.6 55.2 54.8 54.4 54.0 53.6 53.2 52.8 52.4 52.0 57.0 47.0 53.5 60.0 59.6 59.2 58.8 58.4 58.0 57.6 57.2 56.8 56.4 56.0
52.94444444444444 53.666666666666664 54.388888888888886 55.111111111111114 55.833333333333336 56.55555555555556 57.27777777777778 58.0 51.0 44.0 59.0 54.333333333333336 49.666666666666664 45.0 45.72222222222222 46.44444444444444 47.166666666666664 47.888888888888886 48.611111111111114 49.333333333333336 50.05555555555556 50.77777777777778 51.5 52.22222222222222
52.16666666666667 53.0 53.833333333333336 54.66666666666667 55.5 56.333333333333336 57.16666666666667 58.0 51.0 44.0 58.0 60.0 51.5 43.0 43.833333333333336 44.666666666666664 45.5 46.333333333333336 47.166666666666664 48.0 48.833333333333336 49.666666666666664 50.5 51.333333333333336
52.16666666666667 53.0 53.833333333333336 54.66666666666667 55.5 56.333333333333336 57.16666666666667 58.0 51.0 44.0 58.0 60.0 51.5 43.0 43.833333333333336 44.666666666666664 45.5 46.333333333333336 47.166666666666664 48.0 48.833333333333336 49.666666666666664 50.5 51.333333333333336
52.16666666666667 53.0 53.833333333333336 54.66666666666667 55.5 56.333333333333336 57.16666666666667 58.0 51.0 44.0 58.0 60.0 51.5 43.0 43.833333333333336 44.666666666666664 45.5 46.333333333333336 47.166666666666664 48.0 48.833333333333336 49.666666666666664 50.5 51.333333333333336
43.0 43.0 43.0 43.0 43.0 43.0 43.0 43.0 43.0 43.0 58.0 60.0 51.5 43.0 43.0 43.0 43.0 43.0 43.0 43.0 43.0 43.0 43.0 43.0
42.1 42.2 42.3 42.4 42.5 42.6 42.7 42.8 42.9 43.0 57.0 51.0 58.0 41.0 41.1 41.2 41.3 41.4 41.5 41.6 41.7 41.8 41.9 42.0
42.1 42.2 42.3 42.4 42.5 42.6 42.7 42.8 42.9 43.0 57.0 51.0 58.0 41.0 41.1 41.2 41.3 41.4 41.5 41.6 41.7 41.8 41.9 42.0
42.1 42.2 42.3 42.4 42.5 42.6 42.7 42.8 42.9 43.0 57.0 51.0 58.0 41.0 41.1 41.2 41.3 41.4 41.5 41.6 41.7 41.8 41.9 42.0
44.85 45.2 45.55 45.9 46.25 46.6 46.95 47.3 47.65 48.0 57.0 51.0 58.0 41.0 41.35 41.7 42.05 42.4 42.75 43.1 43.45 43.8 44.15 44.5
45.3 45.6 45.9 46.2 46.5 46.8 47.1 47.4 47.7 48.0 59.0 58.0 50.0 42.0 42.3 42.6 42.9 43.2 43.5 43.8 44.1 44.4 44.7 45.0
45.3 45.6 45.9 46.2 46.5 46.8 47.1 47.4 47.7 48.0 59.0 58.0 50.0 42.0 42.3 42.6 42.9 43.2 43.5 43.8 44.1 44.4 44.7 45.0
45.3 45.6 45.9 46.2 46.5 46.8 47.1 47.4 47.7 48.0 59.0 58.0 50.0 42.0 42.3 42.6 42.9 43.2 43.5 43.8 44.1 44.4 44.7 45.0
45.85 46.2 46.55 46.9 47.25 47.6 47.95 48.3 48.65 49.0 57.0 58.0 50.0 42.0 42.35 42.7 43.05 43.4 43.75 44.1 44.45 44.8 45.15 45.5
43.6 44.2 44.8 45.4 46.0 46.6 47.2 47.8 48.4 49.0 57.0 58.0 60.0 37.0 37.6 38.2 38.8 39.4 40.0 40.6 41.2 41.8 42.4 43.0
43.6 44.2 44.8 45.4 46.0 46.6 47.2 47.8 48.4 49.0 57.0 58.0 60.0 37.0 37.6 38.2 38.8 39.4 40.0 40.6 41.2 41.8 42.4 43.0
43.6 44.2 44.8 45.4 46.0 46.6 47.2 47.8 48.4 49.0 57.0 58.0 60.0 37.0 37.6 38.2 38.8 39.4 40.0 40.6 41.2 41.8 42.4 43.0
51.22222222222222 52.333333333333336 53.44444444444444 54.55555555555556 55.66666666666667 56.77777777777778 57.888888888888886 59.0 53.5 48.0 56.0 44.0 41.5 39.0 40.111111111111114 41.22222222222222 42.333333333333336 43.44444444444444 44.55555555555556 45.666666666666664 46.77777777777778 47.888888888888886 49.0 50.111111111111114
51.22222222222222 52.333333333333336 53.44444444444444 54.55555555555556 55.66666666666667 56.77777777777778 57.888888888888886 59.0 53.5 48.0 56.0 44.0 41.5 39.0 40.111111111111114 41.22222222222222 42.333333333333336 43.44444444444444 44.55555555555556 45.666666666666664 46.77777777777778 47.888888888888886 49.0 50.111111111111114
51.294117647058826 52.411764705882355 53.529411764705884 54.64705882352941 55.76470588235294 56.88235294117647 58.0 59.0 53.5 48.0 56.0 44.0 41.5 39.0 40.11764705882353 41.23529411764706 42.35294117647059 43.470588235294116 44.588235294117645 45.705882352941174 46.82352941176471 47.94117647058823 49.05882352941177 50.17647058823529
51.294117647058826 52.411764705882355 53.529411764705884 54.64705882352941 55.76470588235294 56.88235294117647 58.0 55.0 52.0 49.0 56.0 44.0 41.5 39.0 40.11764705882353 41.23529411764706 42.35294117647059 43.470588235294116 44.588235294117645 45.705882352941174 46.82352941176471 47.94117647058823 49.05882352941177 50.17647058823529
51.64705882352941 52.705882352941174 53.76470588235294 54.82352941176471 55.88235294117647 56.94117647058823 58.0 55.0 52.0 49.0 60.0 53.0 58.0 40.0 41.05882352941177 42.11764705882353 43.1764705882353 44.23529411764706 45.294117647058826 46.35294117647059 47.411764705882355 48.470588235294116 49.529411764705884 50.588235294117645
51.64705882352941 52.705882352941174 53.76470588235294 54.82352941176471 55.88235294117647 56.94117647058823 58.0 55.0 52.0 49.0 60.0 53.0 58.0 40.0 41.05882352941177 42.11764705882353 43.1764705882353 44.23529411764706 45.294117647058826 46.35294117647059 47.411764705882355 48.470588235294116 49.529411764705884 50.588235294117645
51.64705882352941 52.705882352941174 53.76470588235294 54.82352941176471 55.88235294117647 56.94117647058823 58.0 55.0 52.0 49.0 60.0 53.0 58.0 40.0 41.05882352941177 42.11764705882353 43.1764705882353 44.23529411764706 45.294117647058826 46.35294117647059 47.411764705882355 48.470588235294116 49.529411764705884 50.588235294117645
51.64705882352941 52.705882352941174 53.76470588235294 54.82352941176471 55.88235294117647 56.94117647058823 58.0 58.0 53.5 49.0 60.0 53.0 58.0 40.0 41.05882352941177 42.11764705882353 43.1764705882353 44.23529411764706 45.294117647058826 46.35294117647059 47.411764705882355 48.470588235294116 49.529411764705884 50.588235294117645
51.294117647058826 52.411764705882355 53.529411764705884 54.64705882352941 55.76470588235294 56.88235294117647 58.0 58.0 53.5 49.0 57.0 58.0 59.0 39.0 40.11764705882353 41.23529411764706 42.35294117647059 43.470588235294116 44.588235294117645 45.705882352941174 46.82352941176471 47.94117647058823 49.05882352941177 50.17647058823529
51.294117647058826 52.411764705882355 53.529411764705884 54.64705882352941 55.76470588235294 56.88235294117647 58.0 58.0 53.5 49.0 57.0 58.0 59.0 39.0 40.11764705882353 41.23529411764706 42.35294117647059 43.470588235294116 44.588235294117645 45.705882352941174 46.82352941176471 47.94117647058823 49.05882352941177 50.17647058823529
50.611111111111114 51.66666666666667 52.72222222222222 53.77777777777778 54.833333333333336 55.888888888888886 56.94444444444444 58.0 53.5 49.0 57.0 58.0 59.0 39.0 40.05555555555556 41.111111111111114 42.166666666666664 43.22222222222222 44.27777777777778 45.333333333333336 46.388888888888886 47.44444444444444 48.5 49.55555555555556
44.5 45.0 45.5 46.0 46.5 47.0 47.5 48.0 48.5 49.0 57.0 58.0 59.0 39.0 39.5 40.0 40.5 41.0 41.5 42.0 42.5 43.0 43.5 44.0
44.111111111111114 44.666666666666664 45.22222222222222 45.77777777777778 46.333333333333336 46.888888888888886 47.44444444444444 48.0 47.5 47.0 59.0 53.0 45.5 38.0 38.55555555555556 39.111111111111114 39.666666666666664 40.22222222222222 40.77777777777778 41.333333333333336 41.888888888888886 42.44444444444444 43.0 43.55555555555556
44.111111111111114 44.666666666666664 45.22222222222222 45.77777777777778 46.333333333333336 46.888888888888886 47.44444444444444 48.0 47.5 47.0 59.0 53.0 45.5 38.0 38.55555555555556 39.111111111111114 39.666666666666664 40.22222222222222 40.77777777777778 41.333333333333336 41.888888888888886 42.44444444444444 43.0 43.55555555555556
44.111111111111114 44.666666666666664 45.22222222222222 45.77777777777778 46.333333333333336 46.888888888888886 47.44444444444444 48.0 47.5 47.0 59.0 53.0 45.5 38.0 38.55555555555556 39.111111111111114 39.666666666666664 40.22222222222222 40.77777777777778 41.333333333333336 41.888888888888886 42.44444444444444 43.0 43.55555555555556
43.25 44.0 44.75 45.5 46.25 47.0 47.75 48.5 49.25 50.0 57.0 52.0 60.0 35.0 35.75 36.5 37.25 38.0 38.75 39.5 40.25 41.0 41.75 42.5
43.25 44.0 44.75 45.5 46.25 47.0 47.75 48.5 49.25 50.0 57.0 52.0 60.0 35.0 35.75 36.5 37.25 38.0 38.75 39.5 40.25 41.0 41.75 42.5
43.25 44.0 44.75 45.5 46.25 47.0 47.75 48.5 49.25 50.0 57.0 52.0 60.0 35.0 35.75 36.5 37.25 38.0 38.75 39.5 40.25 41.0 41.75 42.5
43.25 44.0 44.75 45.5 46.25 47.0 47.75 48.5 49.25 50.0 57.0 52.0 60.0 35.0 35.75 36.5 37.25 38.0 38.75 39.5 40.25 41.0 41.75 42.5
45.6 46.2 46.8 47.4 48.0 48.6 49.2 49.8 50.4 51.0 57.0 51.0 59.0 39.0 39.6 40.2 40.8 41.4 42.0 42.6 43.2 43.8 44.4 45.0
45.6 46.2 46.8 47.4 48.0 48.6 49.2 49.8 50.4 51.0 57.0 51.0 59.0 39.0 39.6 40.2 40.8 41.4 42.0 42.6 43.2 43.8 44.4 45.0
45.6 46.2 46.8 47.4 48.0 48.6 49.2 49.8 50.4 51.0 57.0 51.0 59.0 39.0 39.6 40.2 40.8 41.4 42.0 42.6 43.2 43.8 44.4 45.0
44.5 45.0 45.5 46.0 46.5 47.0 47.5 48.0 48.5 49.0 57.0 51.0 59.0 39.0 39.5 40.0 40.5 41.0 41.5 42.0 42.5 43.0 43.5 44.0
44.5 45.0 45.5 46.0 46.5 47.0 47.5 48.0 48.5 49.0 59.0 52.0 45.5 39.0 39.5 40.0 40.5 41.0 41.5 42.0 42.5 43.0 43.5 44.0
44.5 45.0 45.5 46.0 46.5 47.0 47.5 48.0 48.5 49.0 59.0 52.0 45.5 39.0 39.5 40.0 40.5 41.0 41.5 42.0 42.5 43.0 43.5 44.0
43.888888888888886 44.333333333333336 44.77777777777778 45.22222222222222 45.666666666666664 46.111111111111114 46.55555555555556 47.0 47.0 47.0 59.0 52.0 45.5 39.0 39.44444444444444 39.888888888888886 40.333333333333336 40.77777777777778 41.22222222222222 41.666666666666664 42.111111111111114 42.55555555555556 43.0 43.44444444444444
41.94444444444444 42.666666666666664 43.388888888888886 44.111111111111114 44.833333333333336 45.55555555555556 46.27777777777778 47.0 47.0 47.0 55.0 51.0 57.0 34.0 34.72222222222222 35.44444444444444 36.166666666666664 36.888888888888886 37.611111111111114 38.333333333333336 39.05555555555556 39.77777777777778 40.5 41.22222222222222
41.94444444444444 42.666666666666664 43.388888888888886 44.111111111111114 44.833333333333336 45.55555555555556 46.27777777777778 47.0 47.0 47.0 55.0 51.0 57.0 34.0 34.72222222222222 35.44444444444444 36.166666666666664 36.888888888888886 37.611111111111114 38.333333333333336 39.05555555555556 39.77777777777778 40.5 41.22222222222222
41.94444444444444 42.666666666666664 43.388888888888886 44.111111111111114 44.833333333333336 45.55555555555556 46.27777777777778 47.0 47.0 47.0 55.0 51.0 57.0 34.0 34.72222222222222 35.44444444444444 36.166666666666664 36.888888888888886 37.611111111111114 38.333333333333336 39.05555555555556 39.77777777777778 40.5 41.22222222222222
50.1764705882353 51.64705882352941 53.11764705882353 54.58823529411765 56.05882352941177 57.529411764705884 59.0 55.0 50.0 45.0 56.0 51.0 57.0 34.0 35.470588235294116 36.94117647058823 38.411764705882355 39.88235294117647 41.35294117647059 42.82352941176471 44.294117647058826 45.76470588235294 47.23529411764706 48.705882352941174
52.294117647058826 53.411764705882355 54.529411764705884 55.64705882352941 56.76470588235294 57.88235294117647 59.0 55.0 50.0 45.0 56.0 57.0 60.0 40.0 41.11764705882353 42.23529411764706 43.35294117647059 44.470588235294116 45.588235294117645 46.705882352941174 47.82352941176471 48.94117647058823 50.05882352941177 51.17647058823529
52.294117647058826 53.411764705882355 54.529411764705884 55.64705882352941 56.76470588235294 57.88235294117647 59.0 55.0 50.0 45.0 56.0 57.0 60.0 40.0 41.11764705882353 42.23529411764706 43.35294117647059 44.470588235294116 45.588235294117645 46.705882352941174 47.82352941176471 48.94117647058823 50.05882352941177 51.17647058823529
49.16666666666667 50.0 50.833333333333336 51.66666666666667 52.5 53.333333333333336 54.16666666666667 55.0 50.0 45.0 56.0 57.0 60.0 40.0 40.833333333333336 41.666666666666664 42.5 43.333333333333336 44.166666666666664 45.0 45.833333333333336 46.666666666666664 47.5 48.333333333333336
40.05 40.6 41.15 41.7 42.25 42.8 43.35 43.9 44.45 45.0 58.0 54.0 59.0 34.0 34.55 35.1 35.65 36.2 36.75 37.3 37.85 38.4 38.95 39.5
40.05 40.6 41.15 41.7 42.25 42.8 43.35 43.9 44.45 45.0 58.0 54.0 59.0 34.0 34.55 35.1 35.65 36.2 36.75 37.3 37.85 38.4 38.95 39.5
40.05 40.6 41.15 41.7 42.25 42.8 43.35 43.9 44.45 45.0 58.0 54.0 59.0 34.0 34.55 35.1 35.65 36.2 36.75 37.3 37.85 38.4 38.95 39.5
42.8 43.6 44.4 45.2 46.0 46.8 47.6 48.4 49.2 50.0 58.0 54.0 59.0 34.0 34.8 35.6 36.4 37.2 38.0 38.8 39.6 40.4 41.2 42.0
45.05 45.6 46.15 46.7 47.25 47.8 48.35 48.9 49.45 50.0 58.0 48.0 56.0 39.0 39.55 40.1 40.65 41.2 41.75 42.3 42.85 43.4 43.95 44.5
45.05 45.6 46.15 46.7 47.25 47.8 48.35 48.9 49.45 50.0 58.0 48.0 56.0 39.0 39.55 40.1 40.65 41.2 41.75 42.3 42.85 43.4 43.95 44.5
45.05 45.6 46.15 46.7 47.25 47.8 48.35 48.9 49.45 50.0 58.0 48.0 56.0 39.0 39.55 40.1 40.65 41.2 41.75 42.3 42.85 43.4 43.95 44.5
44.5 45.0 45.5 46.0 46.5 47.0 47.5 48.0 48.5 49.0 58.0 48.0 56.0 39.0 39.5 40.0 40.5 41.0 41.5 42.0 42.5 43.0 43.5 44.0
43.15 43.8 44.45 45.1 45.75 46.4 47.05 47.7 48.35 49.0 56.0 44.0 59.0 36.0 36.65 37.3 37.95 38.6 39.25 39.9 40.55 41.2 41.85 42.5
43.15 43.8 44.45 45.1 45.75 46.4 47.05 47.7 48.35 49.0 56.0 44.0 59.0 36.0 36.65 37.3 37.95 38.6 39.25 39.9 40.55 41.2 41.85 42.5
43.15 43.8 44.45 45.1 45.75 46.4 47.05 47.7 48.35 49.0 56.0 44.0 59.0 36.0 36.65 37.3 37.95 38.6 39.25 39.9 40.55 41.2 41.85 42.5
43.15 43.8 44.45 45.1 45.75 46.4 47.05 47.7 48.35 49.0 56.0 44.0 59.0 36.0 36.65 37.3 37.95 38.6 39.25 39.9 40.55 41.2 41.85 42.5
44.111111111111114 44.666666666666664 45.22222222222222 45.77777777777778 46.333333333333336 46.888888888888886 47.44444444444444 48.0 48.5 49.0 55.0 53.0 54.0 38.0 38.55555555555556 39.111111111111114 39.666666666666664 40.22222222222222 40.77777777777778 41.333333333333336 41.888888888888886 42.44444444444444 43.0 43.55555555555556
44.111111111111114 44.666666666666664 45.22222222222222 45.77777777777778 46.333333333333336 46.888888888888886 47.44444444444444 48.0 48.5 49.0 55.0 53.0 54.0 38.0 38.55555555555556 39.111111111111114 39.666666666666664 40.22222222222222 40.77777777777778 41.333333333333336 41.888888888888886 42.44444444444444 43.0 43.55555555555556
44.111111111111114 44.666666666666664 45.22222222222222 45.77777777777778 46.333333333333336 46.888888888888886 47.44444444444444 48.0 48.5 49.0 55.0 53.0 54.0 38.0 38.55555555555556 39.111111111111114 39.666666666666664 40.22222222222222 40.77777777777778 41.333333333333336 41.888888888888886 42.44444444444444 43.0 43.55555555555556
45.15 45.8 46.45 47.1 47.75 48.4 49.05 49.7 50.35 51.0 56.0 53.0 54.0 38.0 38.65 39.3 39.95 40.6 41.25 41.9 42.55 43.2 43.85 44.5
45.15 45.8 46.45 47.1 47.75 48.4 49.05 49.7 50.35 51.0 56.0 59.0 59.0 38.0 38.65 39.3 39.95 40.6 41.25 41.9 42.55 43.2 43.85 44.5
45.15 45.8 46.45 47.1 47.75 48.4 49.05 49.7 50.35 51.0 56.0 59.0 59.0 38.0 38.65 39.3 39.95 40.6 41.25 41.9 42.55 43.2 43.85 44.5
52.23529411764706 53.529411764705884 54.82352941176471 56.11764705882353 57.411764705882355 58.705882352941174 60.0 57.0 54.0 51.0 56.0 59.0 59.0 38.0 39.294117647058826 40.588235294117645 41.88235294117647 43.1764705882353 44.470588235294116 45.76470588235294 47.05882352941177 48.35294117647059 49.64705882352941 50.94117647058823
50.8235294117647 52.35294117647059 53.88235294117647 55.41176470588235 56.94117647058823 58.470588235294116 60.0 57.666666666666664 55.333333333333336 53.0 57.0 45.0 60.0 34.0 35.529411764705884 37.05882352941177 38.588235294117645 40.11764705882353 41.64705882352941 43.17647058823529 44.705882352941174 46.23529411764706 47.76470588235294 49.294117647058826
50.8235294117647 52.35294117647059 53.88235294117647 55.41176470588235 56.94117647058823 58.470588235294116 60.0 57.666666666666664 55.333333333333336 53.0 57.0 45.0 60.0 34.0 35.529411764705884 37.05882352941177 38.588235294117645 40.11764705882353 41.64705882352941 43.17647058823529 44.705882352941174 46.23529411764706 47.76470588235294 49.294117647058826
50.1764705882353 51.64705882352941 53.11764705882353 54.58823529411765 56.05882352941177 57.529411764705884 59.0 57.0 55.0 53.0 57.0 45.0 60.0 34.0 35.470588235294116 36.94117647058823 38.411764705882355 39.88235294117647 41.35294117647059 42.82352941176471 44.294117647058826 45.76470588235294 47.23529411764706 48.705882352941174
50.1764705882353 51.64705882352941 53.11764705882353 54.58823529411765 56.05882352941177 57.529411764705884 59.0 55.0 51.0 47.0 55.0 45.0 60.0 34.0 35.470588235294116 36.94117647058823 38.411764705882355 39.88235294117647 41.35294117647059 42.82352941176471 44.294117647058826 45.76470588235294 47.23529411764706 48.705882352941174
51.23529411764706 52.529411764705884 53.82352941176471 55.11764705882353 56.411764705882355 57.705882352941174 59.0 55.0 51.0 47.0 55.0 50.0 43.5 37.0 38.294117647058826 39.588235294117645 40.88235294117647 42.1764705882353 43.470588235294116 44.76470588235294 46.05882352941177 47.35294117647059 48.64705882352941 49.94117647058823
51.23529411764706 52.529411764705884 53.82352941176471 55.11764705882353 56.411764705882355 57.705882352941174 59.0 55.0 51.0 47.0 55.0 50.0 43.5 37.0 38.294117647058826 39.588235294117645 40.88235294117647 42.1764705882353 43.470588235294116 44.76470588235294 46.05882352941177 47.35294117647059 48.64705882352941 49.94117647058823
51.23529411764706 52.529411764705884 53.82352941176471 55.11764705882353 56.411764705882355 57.705882352941174 59.0 55.0 51.0 47.0 55.0 50.0 43.5 37.0 38.294117647058826 39.588235294117645 40.88235294117647 42.1764705882353 43.470588235294116 44.76470588235294 46.05882352941177 47.35294117647059 48.64705882352941 49.94117647058823
46.9 47.8 48.7 49.6 50.5 51.4 52.3 53.2 54.1 55.0 55.0 50.0 43.5 37.0 37.9 38.8 39.7 40.6 41.5 42.4 43.3 44.2 45.1 46.0
43.72222222222222 44.333333333333336 44.94444444444444 45.55555555555556 46.16666666666667 46.77777777777778 47.388888888888886 48.0 51.5 55.0 57.0 52.0 44.5 37.0 37.611111111111114 38.22222222222222 38.833333333333336 39.44444444444444 40.05555555555556 40.666666666666664 41.27777777777778 41.888888888888886 42.5 43.111111111111114
43.72222222222222 44.333333333333336 44.94444444444444 45.55555555555556 46.16666666666667 46.77777777777778 47.388888888888886 48.0 51.5 55.0 57.0 52.0 44.5 37.0 37.611111111111114 38.22222222222222 38.833333333333336 39.44444444444444 40.05555555555556 40.666666666666664 41.27777777777778 41.888888888888886 42.5 43.111111111111114
43.72222222222222 44.333333333333336 44.94444444444444 45.55555555555556 46.16666666666667 46.77777777777778 47.388888888888886 48.0 51.5 55.0 57.0 52.0 44.5 37.0 37.611111111111114 38.22222222222222 38.833333333333336 39.44444444444444 40.05555555555556 40.666666666666664 41.27777777777778 41.888888888888886 42.5 43.111111111111114
51.05555555555556 52.33333333333333 53.611111111111114 54.888888888888886 56.166666666666664 57.44444444444444 58.72222222222222 60.0 59.0 58.0 57.0 52.0 44.5 37.0 38.27777777777778 39.55555555555556 40.833333333333336 42.111111111111114 43.388888888888886 44.666666666666664 45.94444444444444 47.22222222222222 48.5 49.77777777777778
51.833333333333336 53.0 54.16666666666667 55.333333333333336 56.5 57.66666666666667 58.833333333333336 60.0 59.0 58.0 57.0 58.0 48.5 39.0 40.166666666666664 41.333333333333336 42.5 43.666666666666664 44.833333333333336 46.0 47.16666666666667 48.333333333333336 49.5 50.66666666666667
51.833333333333336 53.0 54.16666666666667 55.333333333333336 56.5 57.66666666666667 58.833333333333336 60.0 59.0 58.0 57.0 58.0 48.5 39.0 40.166666666666664 41.333333333333336 42.5 43.666666666666664 44.833333333333336 46.0 47.16666666666667 48.333333333333336 49.5 50.66666666666667
51.833333333333336 53.0 54.16666666666667 55.333333333333336 56.5 57.66666666666667 58.833333333333336 60.0 59.0 58.0 57.0 58.0 48.5 39.0 40.166666666666664 41.333333333333336 42.5 43.666666666666664 44.833333333333336 46.0 47.16666666666667 48.333333333333336 49.5 50.66666666666667
46.5 47.0 47.5 48.0 48.5 49.0 49.5 50.0 54.0 58.0 57.5 57.0 49.0 41.0 41.5 42.0 42.5 43.0 43.5 44.0 44.5 45.0 45.5 46.0
46.5 47.0 47.5 48.0 48.5 49.0 49.5 50.0 54.0 58.0 57.5 57.0 49.0 41.0 41.5 42.0 42.5 43.0 43.5 44.0 44.5 45.0 45.5 46.0
46.5 47.0 47.5 48.0 48.5 49.0 49.5 50.0 54.0 58.0 57.5 57.0 49.0 41.0 41.5 42.0 42.5 43.0 43.5 44.0 44.5 45.0 45.5 46.0
