50.55 50.6 50.65 50.7 50.75 50.8 50.85 50.9 50.95 51.0 55.0 59.0 60.0 50.0 50.05 50.1 50.15 50.2 50.25 50.3 50.35 50.4 50.45 50.5
50.55 50.6 50.65 50.7 50.75 50.8 50.85 50.9 50.95 51.0 55.0 59.0 60.0 50.0 50.05 50.1 50.15 50.2 50.25 50.3 50.35 50.4 50.45 50.5
50.55 50.6 50.65 50.7 50.75 50.8 50.85 50.9 50.95 51.0 55.0 59.0 60.0 50.0 50.05 50.1 50.15 50.2 50.25 50.3 50.35 50.4 50.45 50.5
53.23529411764706 53.529411764705884 53.8235294117647 54.11764705882353 54.411764705882355 54.705882352941174 55.0 53.666666666666664 52.333333333333336 51.0 55.5 60.0 54.0 50.0 50.294117647058826 50.588235294117645 50.88235294117647 51.1764705882353 51.470588235294116 51.76470588235294 52.05882352941177 52.35294117647059 52.64705882352941 52.94117647058823
53.23529411764706 53.529411764705884 53.8235294117647 54.11764705882353 54.411764705882355 54.705882352941174 55.0 52.333333333333336 49.666666666666664 47.0 53.5 60.0 54.0 50.0 50.294117647058826 50.588235294117645 50.88235294117647 51.1764705882353 51.470588235294116 51.76470588235294 52.05882352941177 52.35294117647059 52.64705882352941 52.94117647058823
53.23529411764706 53.529411764705884 53.8235294117647 54.11764705882353 54.411764705882355 54.705882352941174 55.0 52.333333333333336 49.666666666666664 47.0 53.5 60.0 54.0 50.0 50.294117647058826 50.588235294117645 50.88235294117647 51.1764705882353 51.470588235294116 51.76470588235294 52.05882352941177 52.35294117647059 52.64705882352941 52.94117647058823
51.294117647058826 51.411764705882355 51.529411764705884 51.64705882352941 51.76470588235294 51.88235294117647 52.0 50.333333333333336 48.666666666666664 47.0 53.5 60.0 54.0 50.0 50.11764705882353 50.23529411764706 50.35294117647059 50.470588235294116 50.588235294117645 50.705882352941174 50.8235294117647 50.94117647058823 51.05882352941177 51.1764705882353
50.23529411764706 50.529411764705884 50.8235294117647 51.11764705882353 51.411764705882355 51.705882352941174 52.0 51.0 50.0 49.0 52.0 55.0 52.0 47.0 47.294117647058826 47.588235294117645 47.88235294117647 48.1764705882353 48.470588235294116 48.76470588235294 49.05882352941177 49.35294117647059 49.64705882352941 49.94117647058823
50.23529411764706 50.529411764705884 50.8235294117647 51.11764705882353 51.411764705882355 51.705882352941174 52.0 51.0 50.0 49.0 52.0 55.0 52.0 47.0 47.294117647058826 47.588235294117645 47.88235294117647 48.1764705882353 48.470588235294116 48.76470588235294 49.05882352941177 49.35294117647059 49.64705882352941 49.94117647058823
50.23529411764706 50.529411764705884 50.8235294117647 51.11764705882353 51.411764705882355 51.705882352941174 52.0 51.0 50.0 49.0 52.0 55.0 52.0 47.0 47.294117647058826 47.588235294117645 47.88235294117647 48.1764705882353 48.470588235294116 48.76470588235294 49.05882352941177 49.35294117647059 49.64705882352941 49.94117647058823
50.88235294117647 51.23529411764706 51.588235294117645 51.94117647058823 52.294117647058826 52.64705882352941 53.0 51.666666666666664 50.333333333333336 49.0 52.0 55.0 52.0 47.0 47.35294117647059 47.705882352941174 48.05882352941177 48.411764705882355 48.76470588235294 49.11764705882353 49.470588235294116 49.8235294117647 50.1764705882353 50.529411764705884
50.529411764705884 50.94117647058823 51.35294117647059 51.76470588235294 52.17647058823529 52.588235294117645 53.0 51.0 49.0 47.0 53.0 59.0 58.0 46.0 46.411764705882355 46.8235294117647 47.23529411764706 47.64705882352941 48.05882352941177 48.470588235294116 48.88235294117647 49.294117647058826 49.705882352941174 50.11764705882353
50.529411764705884 50.94117647058823 51.35294117647059 51.76470588235294 52.17647058823529 52.588235294117645 53.0 51.0 49.0 47.0 53.0 59.0 58.0 46.0 46.411764705882355 46.8235294117647 47.23529411764706 47.64705882352941 48.05882352941177 48.470588235294116 48.88235294117647 49.294117647058826 49.705882352941174 50.11764705882353
50.529411764705884 50.94117647058823 51.35294117647059 51.76470588235294 52.17647058823529 52.588235294117645 53.0 51.0 49.0 47.0 53.0 59.0 58.0 46.0 46.411764705882355 46.8235294117647 47.23529411764706 47.64705882352941 48.05882352941177 48.470588235294116 48.88235294117647 49.294117647058826 49.705882352941174 50.11764705882353
51.8235294117647 52.35294117647059 52.88235294117647 53.411764705882355 53.94117647058823 54.470588235294116 55.0 52.333333333333336 49.666666666666664 47.0 53.0 59.0 58.0 46.0 46.529411764705884 47.05882352941177 47.588235294117645 48.11764705882353 48.64705882352941 49.1764705882353 49.705882352941174 50.23529411764706 50.76470588235294 51.294117647058826
58.285714285714285 58.07142857142857 57.857142857142854 57.642857142857146 57.42857142857143 57.214285714285715 57.0 55.57142857142857 54.142857142857146 52.714285714285715 51.285714285714285 49.857142857142854 48.42857142857143 47.0 60.0 60.0 60.0 59.785714285714285 59.57142857142857 59.357142857142854 59.142857142857146 58.92857142857143 58.714285714285715 58.5
58.285714285714285 58.07142857142857 57.857142857142854 57.642857142857146 57.42857142857143 57.214285714285715 57.0 55.57142857142857 54.142857142857146 52.714285714285715 51.285714285714285 49.857142857142854 48.42857142857143 47.0 60.0 60.0 60.0 59.785714285714285 59.57142857142857 59.357142857142854 59.142857142857146 58.92857142857143 58.714285714285715 58.5
