69.0 67.5 66.0 67.75 69.5 71.25 73.0 74.75 76.5 78.25 80.0 50.0 49.0 48.0 50.666666666666664 53.333333333333336 56.0 58.666666666666664 61.33333333333333 64.0 66.66666666666666 69.33333333333333 72.0 70.5
75.0 74.5 74.0 74.75 75.5 76.25 77.0 77.75 78.5 79.25 80.0 50.0 49.0 48.0 51.111111111111114 54.22222222222222 57.333333333333336 60.44444444444444 63.55555555555556 66.66666666666667 69.77777777777777 72.88888888888889 76.0 75.5
75.0 74.5 74.0 74.75 75.5 76.25 77.0 77.75 78.5 79.25 80.0 50.0 49.0 48.0 51.111111111111114 54.22222222222222 57.333333333333336 60.44444444444444 63.55555555555556 66.66666666666667 69.77777777777777 72.88888888888889 76.0 75.5
75.0 74.5 74.0 74.75 75.5 76.25 77.0 77.75 78.5 79.25 80.0 59.0 53.5 48.0 51.111111111111114 54.22222222222222 57.333333333333336 60.44444444444444 63.55555555555556 66.66666666666667 69.77777777777777 72.88888888888889 76.0 75.5
75.0 74.5 74.0 73.57142857142857 73.14285714285714 72.71428571428571 72.28571428571429 71.85714285714286 71.42857142857143 71.0 77.0 59.0 51.5 44.0 47.55555555555556 51.111111111111114 54.666666666666664 58.22222222222222 61.77777777777778 65.33333333333333 68.88888888888889 72.44444444444444 76.0 75.5
71.5 69.75 68.0 68.42857142857143 68.85714285714286 69.28571428571429 69.71428571428571 70.14285714285714 70.57142857142857 71.0 77.0 59.0 51.5 44.0 47.44444444444444 50.888888888888886 54.333333333333336 57.77777777777778 61.22222222222222 64.66666666666667 68.11111111111111 71.55555555555556 75.0 73.25
71.5 69.75 68.0 68.42857142857143 68.85714285714286 69.28571428571429 69.71428571428571 70.14285714285714 70.57142857142857 71.0 77.0 59.0 51.5 44.0 47.44444444444444 50.888888888888886 54.333333333333336 57.77777777777778 61.22222222222222 64.66666666666667 68.11111111111111 71.55555555555556 75.0 73.25
71.5 69.75 68.0 68.42857142857143 68.85714285714286 69.28571428571429 69.71428571428571 70.14285714285714 70.57142857142857 71.0 77.0 58.0 51.0 44.0 47.44444444444444 50.888888888888886 54.333333333333336 57.77777777777778 61.22222222222222 64.66666666666667 68.11111111111111 71.55555555555556 75.0 73.25
71.5 69.75 68.0 66.85714285714286 65.71428571428571 64.57142857142857 63.42857142857143 62.285714285714285 61.142857142857146 60.0 74.0 58.0 79.0 43.0 46.55555555555556 50.111111111111114 53.666666666666664 57.22222222222222 60.77777777777778 64.33333333333333 67.88888888888889 71.44444444444444 75.0 73.25
65.5 61.75 58.0 58.285714285714285 58.57142857142857 58.857142857142854 59.142857142857146 59.42857142857143 59.714285714285715 60.0 74.0 58.0 79.0 43.0 46.333333333333336 49.666666666666664 53.0 56.333333333333336 59.66666666666667 63.0 66.33333333333334 69.66666666666667 73.0 69.25
65.5 61.75 58.0 58.285714285714285 58.57142857142857 58.857142857142854 59.142857142857146 59.42857142857143 59.714285714285715 60.0 74.0 46.0 79.0 43.0 46.333333333333336 49.666666666666664 53.0 56.333333333333336 59.66666666666667 63.0 66.33333333333334 69.66666666666667 73.0 69.25
65.5 61.75 58.0 57.42857142857143 56.857142857142854 56.285714285714285 55.714285714285715 55.142857142857146 54.57142857142857 54.0 67.0 46.0 70.0 33.0 37.44444444444444 41.888888888888886 46.333333333333336 50.77777777777778 55.22222222222222 59.66666666666667 64.11111111111111 68.55555555555556 73.0 69.25
64.5 61.25 58.0 57.42857142857143 56.857142857142854 56.285714285714285 55.714285714285715 55.142857142857146 54.57142857142857 54.0 67.0 46.0 70.0 33.0 37.22222222222222 41.44444444444444 45.66666666666667 49.888888888888886 54.111111111111114 58.333333333333336 62.55555555555556 66.77777777777777 71.0 67.75
64.0 60.5 57.0 56.57142857142857 56.142857142857146 55.714285714285715 55.285714285714285 54.857142857142854 54.42857142857143 54.0 67.0 46.0 70.0 33.0 37.22222222222222 41.44444444444444 45.66666666666667 49.888888888888886 54.111111111111114 58.333333333333336 62.55555555555556 66.77777777777777 71.0 67.5
64.0 60.5 57.0 57.57142857142857 58.142857142857146 58.714285714285715 59.285714285714285 59.857142857142854 60.42857142857143 61.0 67.0 59.0 70.0 33.0 37.22222222222222 41.44444444444444 45.66666666666667 49.888888888888886 54.111111111111114 58.333333333333336 62.55555555555556 66.77777777777777 71.0 67.5
64.0 60.5 57.0 57.57142857142857 58.142857142857146 58.714285714285715 59.285714285714285 59.857142857142854 60.42857142857143 61.0 66.0 59.0 66.0 31.0 35.44444444444444 39.888888888888886 44.333333333333336 48.77777777777778 53.22222222222222 57.66666666666667 62.111111111111114 66.55555555555556 71.0 67.5
65.5 62.75 60.0 60.142857142857146 60.285714285714285 60.42857142857143 60.57142857142857 60.714285714285715 60.857142857142854 61.0 66.0 59.0 66.0 31.0 35.44444444444444 39.888888888888886 44.333333333333336 48.77777777777778 53.22222222222222 57.66666666666667 62.111111111111114 66.55555555555556 71.0 68.25
65.5 62.75 60.0 60.142857142857146 60.285714285714285 60.42857142857143 60.57142857142857 60.714285714285715 60.857142857142854 61.0 66.0 59.0 66.0 31.0 36.875 42.75 48.625 54.5 60.375 66.25 72.125 78.0 71.0 68.25
65.5 62.75 60.0 60.142857142857146 60.285714285714285 60.42857142857143 60.57142857142857 60.714285714285715 60.857142857142854 61.0 66.0 42.0 66.0 31.0 36.875 42.75 48.625 54.5 60.375 66.25 72.125 78.0 71.0 68.25
65.5 62.75 60.0 59.857142857142854 59.714285714285715 59.57142857142857 59.42857142857143 59.285714285714285 59.142857142857146 59.0 63.0 42.0 64.0 72.0 80.0 79.71428571428571 79.42857142857143 79.14285714285714 78.85714285714286 78.57142857142857 78.28571428571429 78.0 71.0 68.25
59.0 53.0 47.0 62.0 77.0 73.4 69.8 66.2 62.6 59.0 63.0 42.0 64.0 72.0 80.0 79.71428571428571 79.42857142857143 79.14285714285714 78.85714285714286 78.57142857142857 78.28571428571429 78.0 71.0 65.0
59.0 53.0 47.0 62.0 77.0 73.4 69.8 66.2 62.6 59.0 63.0 42.0 64.0 72.0 80.0 79.85714285714286 79.71428571428571 79.57142857142857 79.42857142857143 79.28571428571429 79.14285714285714 79.0 71.0 65.0
59.0 53.0 47.0 62.0 77.0 66.5 56.0 57.0 58.0 59.0 63.0 47.0 64.0 72.0 80.0 79.85714285714286 79.71428571428571 79.57142857142857 79.42857142857143 79.28571428571429 79.14285714285714 79.0 71.0 65.0
59.0 53.0 47.0 62.0 77.0 66.5 56.0 55.0 54.0 53.0 66.0 47.0 62.0 70.5 79.0 55.5 32.0 76.0 76.75 77.5 78.25 79.0 71.0 65.0
72.66666666666667 74.5 76.33333333333333 78.16666666666667 80.0 68.0 56.0 55.0 54.0 53.0 66.0 47.0 62.0 70.5 79.0 55.5 32.0 76.0 76.75 77.5 78.25 79.0 69.0 70.83333333333333
72.66666666666667 74.5 76.33333333333333 78.16666666666667 80.0 69.0 58.0 56.333333333333336 54.666666666666664 53.0 66.0 46.0 62.0 70.5 79.0 55.5 32.0 76.0 77.0 78.0 79.0 80.0 69.0 70.83333333333333
72.66666666666667 74.5 76.33333333333333 78.16666666666667 80.0 69.0 58.0 56.333333333333336 54.666666666666664 53.0 65.0 46.0 60.0 66.0 72.0 55.5 39.0 79.0 79.25 79.5 79.75 80.0 69.0 70.83333333333333
72.66666666666667 74.5 76.33333333333333 78.16666666666667 80.0 69.0 58.0 56.333333333333336 54.666666666666664 53.0 65.0 46.0 60.0 66.0 72.0 55.5 39.0 79.0 79.25 79.5 79.75 80.0 69.0 70.83333333333333
61.5 57.75 54.0 66.0 78.0 68.0 58.0 56.333333333333336 54.666666666666664 53.0 65.0 46.0 60.0 66.0 72.0 55.5 39.0 79.0 78.5 78.0 77.5 77.0 69.0 65.25
61.5 57.75 54.0 66.0 78.0 68.0 58.0 57.666666666666664 57.333333333333336 57.0 67.0 58.0 60.0 66.0 72.0 55.5 39.0 79.0 78.5 78.0 77.5 77.0 69.0 65.25
61.5 57.75 54.0 66.0 78.0 68.0 58.0 57.666666666666664 57.333333333333336 57.0 67.0 58.0 65.0 68.0 71.0 74.5 78.0 76.0 76.25 76.5 76.75 77.0 69.0 65.25
62.5 58.75 55.0 65.0 75.0 66.5 58.0 57.666666666666664 57.333333333333336 57.0 67.0 58.0 65.0 68.0 71.0 74.5 78.0 76.0 76.25 76.5 76.75 77.0 70.0 66.25
62.5 58.75 55.0 65.0 75.0 66.0 57.0 57.0 57.0 57.0 67.0 58.0 65.0 68.0 71.0 74.5 78.0 76.0 76.25 76.5 76.75 77.0 70.0 66.25
62.5 58.75 55.0 65.0 75.0 66.0 57.0 56.666666666666664 56.333333333333336 56.0 67.0 63.0 60.0 68.5 77.0 75.33333333333333 73.66666666666667 72.0 73.25 74.5 75.75 77.0 70.0 66.25
62.0 58.5 55.0 65.0 75.0 66.0 57.0 56.666666666666664 56.333333333333336 56.0 68.0 63.0 60.0 68.5 77.0 75.33333333333333 73.66666666666667 72.0 73.25 74.5 75.75 77.0 69.0 65.5
61.5 57.75 54.0 59.5 65.0 61.0 57.0 56.666666666666664 56.333333333333336 56.0 68.0 63.0 60.0 68.5 77.0 75.33333333333333 73.66666666666667 72.0 73.25 74.5 75.75 77.0 69.0 65.25
61.5 57.75 54.0 59.5 65.0 76.0 60.0 58.666666666666664 57.333333333333336 56.0 68.0 57.0 60.0 68.5 77.0 75.33333333333333 73.66666666666667 72.0 73.25 74.5 75.75 77.0 69.0 65.25
61.5 57.75 54.0 59.5 65.0 76.0 60.0 60.333333333333336 60.666666666666664 61.0 76.0 57.0 67.0 68.5 70.0 71.33333333333333 72.66666666666667 74.0 74.75 75.5 76.25 77.0 69.0 65.25
61.5 57.75 54.0 63.0 72.0 76.0 60.0 60.333333333333336 60.666666666666664 61.0 76.0 57.0 67.0 68.5 70.0 71.33333333333333 72.66666666666667 74.0 74.75 75.5 76.25 77.0 69.0 65.25
59.0 54.0 49.0 60.5 72.0 76.0 60.0 60.333333333333336 60.666666666666664 61.0 76.0 57.0 67.0 68.5 70.0 71.33333333333333 72.66666666666667 74.0 74.5 75.0 75.5 76.0 69.0 64.0
59.0 54.0 49.0 60.5 72.0 79.0 58.0 59.0 60.0 61.0 76.0 62.0 67.0 68.5 70.0 71.33333333333333 72.66666666666667 74.0 74.5 75.0 75.5 76.0 69.0 64.0
59.0 54.0 49.0 60.5 72.0 79.0 58.0 62.0 66.0 70.0 66.0 62.0 67.0 66.0 65.0 69.0 73.0 77.0 76.75 76.5 76.25 76.0 69.0 64.0
59.0 54.0 49.0 60.5 72.0 79.0 58.0 62.0 66.0 70.0 66.0 62.0 67.0 66.0 65.0 69.0 73.0 77.0 76.75 76.5 76.25 76.0 69.0 64.0
60.0 55.0 50.0 59.5 69.0 79.0 58.0 62.0 66.0 70.0 66.0 62.0 67.0 66.0 65.0 69.0 73.0 77.0 76.75 76.5 76.25 76.0 70.0 65.0
60.0 55.0 50.0 59.5 69.0 80.0 58.0 62.0 66.0 70.0 67.5 65.0 67.0 66.0 65.0 69.0 73.0 77.0 76.75 76.5 76.25 76.0 70.0 65.0
60.0 55.0 50.0 59.5 69.0 80.0 58.0 63.666666666666664 69.33333333333333 75.0 72.33333333333333 69.66666666666667 67.0 65.0 63.0 66.0 69.0 72.0 73.0 74.0 75.0 76.0 70.0 65.0
59.5 54.25 49.0 60.0 71.0 80.0 58.0 63.666666666666664 69.33333333333333 75.0 72.33333333333333 69.66666666666667 67.0 65.0 63.0 66.0 69.0 72.0 73.0 74.0 75.0 76.0 70.0 64.75
59.0 54.0 49.0 60.0 71.0 80.0 59.0 64.33333333333333 69.66666666666667 75.0 72.33333333333333 69.66666666666667 67.0 65.0 63.0 66.0 69.0 72.0 72.5 73.0 73.5 74.0 69.0 64.0
59.0 54.0 49.0 60.0 71.0 65.0 59.0 62.666666666666664 66.33333333333333 70.0 69.0 68.0 67.0 65.0 63.0 66.0 69.0 72.0 72.5 73.0 73.5 74.0 69.0 64.0
59.0 54.0 49.0 60.0 71.0 65.0 59.0 62.666666666666664 66.33333333333333 70.0 66.0 62.0 71.0 63.0 55.0 62.333333333333336 69.66666666666667 77.0 76.25 75.5 74.75 74.0 69.0 64.0
59.0 54.0 49.0 57.0 65.0 62.0 59.0 62.666666666666664 66.33333333333333 70.0 66.0 62.0 71.0 63.0 55.0 62.333333333333336 69.66666666666667 77.0 76.25 75.5 74.75 74.0 69.0 64.0
59.0 54.0 49.0 57.0 65.0 62.0 59.0 62.666666666666664 66.33333333333333 70.0 66.0 62.0 71.0 63.0 55.0 62.333333333333336 69.66666666666667 77.0 76.5 76.0 75.5 75.0 69.0 64.0
59.0 54.0 49.0 57.0 65.0 62.0 59.0 61.0 63.0 65.0 67.0 69.0 70.0 61.5 53.0 59.666666666666664 66.33333333333333 73.0 73.5 74.0 74.5 75.0 69.0 64.0
59.0 54.0 49.0 57.0 65.0 62.0 59.0 61.0 63.0 65.0 67.0 69.0 70.0 61.5 53.0 59.666666666666664 66.33333333333333 73.0 73.5 74.0 74.5 75.0 69.0 64.0
57.0 50.5 44.0 54.5 65.0 62.0 59.0 61.0 63.0 65.0 67.0 69.0 70.0 61.5 53.0 59.666666666666664 66.33333333333333 73.0 73.25 73.5 73.75 74.0 70.0 63.5
57.0 50.5 44.0 54.5 65.0 64.5 64.0 65.0 66.0 67.0 68.0 69.0 70.0 61.5 53.0 59.666666666666664 66.33333333333333 73.0 73.25 73.5 73.75 74.0 70.0 63.5
57.0 50.5 44.0 54.5 65.0 64.5 64.0 66.0 68.0 70.0 72.0 74.0 64.0 63.5 63.0 64.57142857142857 66.14285714285714 67.71428571428571 69.28571428571429 70.85714285714286 72.42857142857143 74.0 70.0 63.5
57.0 50.5 44.0 55.0 66.0 65.0 64.0 66.0 68.0 70.0 72.0 74.0 64.0 63.5 63.0 64.57142857142857 66.14285714285714 67.71428571428571 69.28571428571429 70.85714285714286 72.42857142857143 74.0 70.0 63.5
58.5 53.75 49.0 57.5 66.0 65.5 65.0 66.8 68.6 70.4 72.2 74.0 64.0 63.5 63.0 64.42857142857143 65.85714285714286 67.28571428571429 68.71428571428571 70.14285714285714 71.57142857142857 73.0 68.0 63.25
58.5 53.75 49.0 57.5 66.0 65.5 65.0 66.8 68.6 70.4 72.2 74.0 64.0 63.5 63.0 64.42857142857143 65.85714285714286 67.28571428571429 68.71428571428571 70.14285714285714 71.57142857142857 73.0 68.0 63.25
58.5 53.75 49.0 57.5 66.0 65.5 65.0 65.2 65.4 65.6 65.8 66.0 68.0 69.5 71.0 73.66666666666667 76.33333333333333 79.0 77.5 76.0 74.5 73.0 68.0 63.25
59.0 54.5 50.0 60.0 70.0 67.5 65.0 65.2 65.4 65.6 65.8 66.0 68.0 69.5 71.0 73.66666666666667 76.33333333333333 79.0 77.5 76.0 74.5 73.0 68.0 63.5
68.66666666666667 69.0 69.33333333333333 69.66666666666667 70.0 66.5 63.0 63.6 64.2 64.8 65.4 66.0 68.0 69.5 71.0 73.66666666666667 76.33333333333333 79.0 78.25 77.5 76.75 76.0 68.0 68.33333333333333
68.66666666666667 69.0 69.33333333333333 69.66666666666667 70.0 66.5 63.0 64.6 66.2 67.8 69.4 71.0 67.0 65.5 64.0 65.71428571428571 67.42857142857143 69.14285714285714 70.85714285714286 72.57142857142857 74.28571428571428 76.0 68.0 68.33333333333333
68.66666666666667 69.0 69.33333333333333 69.66666666666667 70.0 66.5 63.0 64.6 66.2 67.8 69.4 71.0 67.0 65.5 64.0 65.71428571428571 67.42857142857143 69.14285714285714 70.85714285714286 72.57142857142857 74.28571428571428 76.0 68.0 68.33333333333333
68.66666666666667 69.0 69.33333333333333 69.66666666666667 70.0 66.5 63.0 64.6 66.2 67.8 69.4 71.0 67.0 65.5 64.0 65.71428571428571 67.42857142857143 69.14285714285714 70.85714285714286 72.57142857142857 74.28571428571428 76.0 68.0 68.33333333333333
59.5 55.25 51.0 60.5 70.0 66.0 62.0 63.8 65.6 67.4 69.2 71.0 67.0 65.5 64.0 65.71428571428571 67.42857142857143 69.14285714285714 70.85714285714286 72.57142857142857 74.28571428571428 76.0 68.0 63.75
59.5 55.25 51.0 60.5 70.0 66.0 62.0 64.2 66.4 68.6 70.8 73.0 71.0 67.5 64.0 67.33333333333333 70.66666666666667 74.0 74.5 75.0 75.5 76.0 68.0 63.75
59.5 55.25 51.0 61.0 71.0 66.5 62.0 64.2 66.4 68.6 70.8 73.0 71.0 67.5 64.0 67.33333333333333 70.66666666666667 74.0 74.5 75.0 75.5 76.0 68.0 63.75
60.5 57.25 54.0 62.5 71.0 66.5 62.0 64.2 66.4 68.6 70.8 73.0 71.0 67.5 64.0 67.33333333333333 70.66666666666667 74.0 74.5 75.0 75.5 76.0 67.0 63.75
60.5 57.25 54.0 62.5 71.0 67.0 63.0 65.0 67.0 69.0 71.0 73.0 71.0 67.5 64.0 67.33333333333333 70.66666666666667 74.0 74.5 75.0 75.5 76.0 67.0 63.75
60.5 57.25 54.0 62.5 71.0 67.0 63.0 63.666666666666664 64.33333333333333 65.0 69.0 73.0 65.0 68.5 72.0 72.33333333333333 72.66666666666667 73.0 73.75 74.5 75.25 76.0 67.0 63.75
60.5 57.25 54.0 63.0 72.0 67.5 63.0 63.666666666666664 64.33333333333333 65.0 69.0 73.0 65.0 68.5 72.0 72.33333333333333 72.66666666666667 73.0 73.75 74.5 75.25 76.0 67.0 63.75
61.5 58.25 55.0 74.0 72.0 67.5 63.0 63.666666666666664 64.33333333333333 65.0 69.0 73.0 65.0 68.5 72.0 72.33333333333333 72.66666666666667 73.0 73.75 74.5 75.25 76.0 68.0 64.75
61.5 58.25 55.0 74.0 72.0 67.0 62.0 63.0 64.0 65.0 69.0 73.0 65.0 68.5 72.0 72.33333333333333 72.66666666666667 73.0 73.75 74.5 75.25 76.0 68.0 64.75
61.5 58.25 55.0 74.0 72.0 67.0 62.0 61.6 61.2 60.8 60.4 60.0 71.0 67.5 64.0 67.66666666666667 71.33333333333333 75.0 75.25 75.5 75.75 76.0 68.0 64.75
61.5 58.25 55.0 74.0 72.0 67.0 62.0 61.6 61.2 60.8 60.4 60.0 71.0 67.5 64.0 67.66666666666667 71.33333333333333 75.0 75.25 75.5 75.75 76.0 68.0 64.75
58.0 53.5 49.0 80.0 70.0 66.0 62.0 61.6 61.2 60.8 60.4 60.0 71.0 67.5 64.0 67.66666666666667 71.33333333333333 75.0 75.25 75.5 75.75 76.0 67.0 62.5
58.0 53.5 49.0 80.0 70.0 66.0 62.0 67.0 72.0 77.0 68.5 60.0 71.0 67.5 64.0 67.66666666666667 71.33333333333333 75.0 75.25 75.5 75.75 76.0 67.0 62.5
58.0 53.5 49.0 80.0 70.0 66.0 62.0 67.0 72.0 77.0 69.0 61.0 69.0 70.6 72.2 73.8 75.4 77.0 80.0 78.66666666666667 77.33333333333333 76.0 67.0 62.5
58.0 53.5 49.0 78.0 70.0 66.0 62.0 67.0 72.0 77.0 69.0 61.0 69.0 70.6 72.2 73.8 75.4 77.0 80.0 78.66666666666667 77.33333333333333 76.0 67.0 62.5
59.5 55.75 52.0 78.0 70.0 79.0 61.0 66.0 71.0 76.0 79.0 61.0 69.0 70.6 72.2 73.8 75.4 77.0 80.0 78.0 76.0 74.0 67.0 63.25
59.5 55.75 52.0 78.0 70.0 79.0 61.0 66.0 71.0 76.0 79.0 62.0 67.0 70.0 73.0 72.0 71.0 70.0 80.0 78.0 76.0 74.0 67.0 63.25
59.5 55.75 52.0 78.0 78.5 79.0 61.0 66.0 71.0 76.0 79.0 62.0 67.0 70.0 73.0 72.0 71.0 70.0 71.0 72.0 73.0 74.0 67.0 63.25
58.5 54.75 51.0 60.333333333333336 69.66666666666667 79.0 62.0 66.66666666666667 71.33333333333333 76.0 79.0 62.0 67.0 70.0 73.0 72.0 71.0 70.0 71.0 72.0 73.0 74.0 66.0 62.25
58.5 54.75 51.0 59.666666666666664 68.33333333333333 77.0 62.0 67.33333333333333 72.66666666666667 78.0 76.0 62.0 67.0 70.0 73.0 72.0 71.0 70.0 71.5 73.0 74.5 76.0 66.0 62.25
58.5 54.75 51.0 59.666666666666664 68.33333333333333 77.0 62.0 67.33333333333333 72.66666666666667 78.0 76.0 67.0 64.0 68.5 73.0 71.5 70.0 67.0 69.25 71.5 73.75 76.0 66.0 62.25
58.5 54.75 51.0 64.5 78.0 77.0 62.0 67.33333333333333 72.66666666666667 78.0 76.0 67.0 64.0 68.5 73.0 71.5 70.0 67.0 69.25 71.5 73.75 76.0 66.0 62.25
56.5 51.25 46.0 62.0 78.0 77.0 62.0 67.33333333333333 72.66666666666667 78.0 76.0 67.0 64.0 68.5 73.0 71.5 70.0 67.0 69.25 71.5 73.75 76.0 67.0 61.75
56.5 51.25 46.0 62.0 78.0 69.5 61.0 66.66666666666667 72.33333333333333 78.0 76.0 67.0 64.0 68.5 73.0 71.5 70.0 67.0 69.0 71.0 73.0 75.0 67.0 61.75
56.5 51.25 46.0 62.0 78.0 69.5 61.0 59.0 57.0 55.0 75.0 62.0 67.0 71.0 75.0 74.33333333333333 73.66666666666667 73.0 73.5 74.0 74.5 75.0 67.0 61.75
56.5 51.25 46.0 49.75 53.5 57.25 61.0 59.0 57.0 55.0 75.0 62.0 67.0 71.0 75.0 74.33333333333333 73.66666666666667 73.0 80.0 78.33333333333333 76.66666666666667 75.0 67.0 61.75
56.5 51.25 46.0 49.75 53.5 57.25 61.0 59.0 57.0 55.0 75.0 62.0 67.0 71.0 75.0 74.33333333333333 73.66666666666667 73.0 80.0 78.33333333333333 76.66666666666667 75.0 67.0 61.75
63.0 61.0 59.0 58.25 57.5 56.75 56.0 55.666666666666664 55.333333333333336 55.0 75.0 62.0 67.0 71.0 75.0 74.33333333333333 73.66666666666667 73.0 80.0 78.0 76.0 74.0 67.0 65.0
63.0 61.0 59.0 58.25 57.5 56.75 56.0 58.666666666666664 61.333333333333336 64.0 78.0 51.0 63.0 66.5 70.0 71.33333333333333 72.66666666666667 74.0 80.0 78.0 76.0 74.0 67.0 65.0
63.0 61.0 59.0 69.5 80.0 68.0 56.0 58.666666666666664 61.333333333333336 64.0 78.0 51.0 63.0 66.5 70.0 71.33333333333333 72.66666666666667 74.0 74.0 74.0 74.0 74.0 67.0 65.0
60.5 57.75 55.0 67.5 80.0 68.0 56.0 58.666666666666664 61.333333333333336 64.0 78.0 51.0 63.0 66.5 70.0 71.33333333333333 72.66666666666667 74.0 74.0 74.0 74.0 74.0 66.0 63.25
60.5 57.75 55.0 67.5 80.0 68.0 56.0 63.333333333333336 70.66666666666667 78.0 74.0 51.0 63.0 66.5 70.0 71.33333333333333 72.66666666666667 74.0 74.5 75.0 75.5 76.0 66.0 63.25
60.5 57.75 55.0 67.5 80.0 68.0 56.0 63.333333333333336 70.66666666666667 78.0 74.0 47.0 61.0 67.5 74.0 75.66666666666667 77.33333333333333 79.0 78.25 77.5 76.75 76.0 66.0 63.25
61.0 58.0 55.0 55.25 55.5 55.75 56.0 63.333333333333336 70.66666666666667 78.0 74.0 47.0 61.0 67.5 74.0 75.66666666666667 77.33333333333333 79.0 78.25 77.5 76.75 76.0 67.0 64.0
64.75 63.625 62.5 61.375 60.25 59.125 58.0 61.333333333333336 64.66666666666667 68.0 70.0 47.0 61.0 67.5 74.0 75.66666666666667 77.33333333333333 79.0 78.5 78.0 77.5 77.0 67.0 65.875
64.75 63.625 62.5 61.375 60.25 59.125 58.0 61.333333333333336 64.66666666666667 68.0 70.0 48.0 53.0 48.5 44.0 39.5 35.0 72.0 73.25 74.5 75.75 77.0 67.0 65.875
64.75 63.625 62.5 61.375 60.25 59.125 58.0 61.333333333333336 64.66666666666667 68.0 70.0 48.0 53.0 48.5 44.0 39.5 35.0 72.0 73.25 74.5 75.75 77.0 67.0 65.875
65.75 64.625 63.5 62.375 61.25 60.125 59.0 62.0 65.0 68.0 70.0 48.0 53.0 48.5 44.0 39.5 35.0 72.0 73.25 74.5 75.75 77.0 68.0 66.875
63.5 61.25 59.0 59.0 59.0 59.0 59.0 61.333333333333336 63.666666666666664 66.0 65.0 48.0 53.0 48.5 44.0 39.5 35.0 72.0 73.5 75.0 76.5 78.0 68.0 65.75
63.5 61.25 59.0 59.0 59.0 59.0 59.0 61.333333333333336 63.666666666666664 66.0 65.0 46.0 59.0 33.0 79.0 55.0 31.0 77.0 77.25 77.5 77.75 78.0 68.0 65.75
65.5 62.25 59.0 59.0 59.0 59.0 59.0 61.333333333333336 63.666666666666664 66.0 65.0 46.0 59.0 33.0 79.0 55.0 31.0 77.0 77.25 77.5 77.75 78.0 72.0 68.75
66.5 63.75 61.0 60.0 59.0 58.0 57.0 60.0 63.0 66.0 65.0 46.0 59.0 33.0 79.0 55.0 31.0 77.0 76.0 75.0 74.0 73.0 72.0 69.25
66.5 63.75 61.0 60.0 59.0 58.0 57.0 58.0 59.0 60.0 65.0 40.0 64.0 40.0 48.75 57.5 66.25 75.0 74.4 73.8 73.2 72.6 72.0 69.25
66.5 63.75 61.0 60.0 59.0 58.0 57.0 58.0 59.0 60.0 65.0 40.0 64.0 40.0 48.75 57.5 66.25 75.0 74.4 73.8 73.2 72.6 72.0 69.25
72.5 70.25 68.0 65.5 63.0 60.5 58.0 58.666666666666664 59.333333333333336 60.0 65.0 40.0 64.0 40.0 48.75 57.5 66.25 75.0 75.4 75.8 76.2 76.6 77.0 74.75
72.5 70.25 68.0 65.5 63.0 60.5 58.0 59.0 60.0 61.0 62.0 40.0 64.0 40.0 48.75 57.5 66.25 75.0 75.4 75.8 76.2 76.6 77.0 74.75
72.5 70.25 68.0 65.5 63.0 60.5 58.0 59.0 60.0 61.0 62.0 40.0 75.0 43.0 46.77777777777778 50.55555555555556 54.33333333333333 58.111111111111114 61.888888888888886 65.66666666666666 69.44444444444444 73.22222222222223 77.0 74.75
72.5 70.25 68.0 65.5 63.0 60.5 58.0 59.0 60.0 61.0 62.0 40.0 75.0 43.0 46.77777777777778 50.55555555555556 54.33333333333333 58.111111111111114 61.888888888888886 65.66666666666666 69.44444444444444 73.22222222222223 77.0 74.75
63.30769230769231 65.15384615384616 67.0 67.0 67.0 67.0 67.0 65.0 63.0 61.0 62.0 40.0 75.0 43.0 44.84615384615385 46.69230769230769 48.53846153846154 50.38461538461539 52.23076923076923 54.07692307692308 55.92307692307692 57.769230769230774 59.61538461538461 61.46153846153847
68.42857142857143 67.71428571428571 67.0 67.0 67.0 67.0 67.0 62.333333333333336 57.666666666666664 53.0 58.0 50.0 77.0 76.28571428571429 75.57142857142857 74.85714285714286 74.14285714285714 73.42857142857143 72.71428571428571 72.0 71.28571428571429 70.57142857142857 69.85714285714286 69.14285714285714
68.42857142857143 67.71428571428571 67.0 67.0 67.0 67.0 67.0 62.333333333333336 57.666666666666664 53.0 58.0 50.0 77.0 76.28571428571429 75.57142857142857 74.85714285714286 74.14285714285714 73.42857142857143 72.71428571428571 72.0 71.28571428571429 70.57142857142857 69.85714285714286 69.14285714285714
68.42857142857143 67.71428571428571 67.0 67.25 67.5 67.75 68.0 63.0 58.0 53.0 58.0 50.0 77.0 76.28571428571429 75.57142857142857 74.85714285714286 74.14285714285714 73.42857142857143 72.71428571428571 72.0 71.28571428571429 70.57142857142857 69.85714285714286 69.14285714285714
71.0 70.5 70.0 69.5 69.0 68.5 68.0 60.333333333333336 52.666666666666664 45.0 59.0 50.0 77.0 76.5 76.0 75.5 75.0 74.5 74.0 73.5 73.0 72.5 72.0 71.5
71.28571428571428 70.64285714285714 70.0 69.5 69.0 68.5 68.0 60.333333333333336 52.666666666666664 45.0 59.0 53.0 79.0 78.35714285714286 77.71428571428571 77.07142857142857 76.42857142857143 75.78571428571429 75.14285714285714 74.5 73.85714285714286 73.21428571428571 72.57142857142857 71.92857142857143
67.53846153846155 68.76923076923077 70.0 69.5 69.0 68.5 68.0 60.333333333333336 52.666666666666664 45.0 59.0 53.0 79.0 54.0 55.23076923076923 56.46153846153846 57.69230769230769 58.92307692307692 60.15384615384615 61.38461538461539 62.61538461538461 63.84615384615385 65.07692307692308 66.3076923076923
67.53846153846155 68.76923076923077 70.0 69.5 69.0 68.5 68.0 60.333333333333336 52.666666666666664 45.0 59.0 53.0 79.0 54.0 55.23076923076923 56.46153846153846 57.69230769230769 58.92307692307692 60.15384615384615 61.38461538461539 62.61538461538461 63.84615384615385 65.07692307692308 66.3076923076923
61.61538461538461 62.30769230769231 63.0 60.42857142857143 57.857142857142854 55.285714285714285 52.714285714285715 50.14285714285714 47.57142857142857 45.0 65.0 53.0 79.0 54.0 54.69230769230769 55.38461538461539 56.07692307692308 56.76923076923077 57.46153846153846 58.15384615384615 58.84615384615385 59.53846153846154 60.23076923076923 60.92307692307692
63.22222222222222 63.111111111111114 63.0 63.25 63.5 63.75 64.0 64.25 64.5 64.75 65.0 72.0 79.0 54.0 56.5 59.0 61.5 64.0 63.888888888888886 63.77777777777778 63.666666666666664 63.55555555555556 63.44444444444444 63.333333333333336
54.6 50.8 47.0 49.25 51.5 53.75 56.0 58.25 60.5 62.75 65.0 63.666666666666664 62.333333333333336 61.0 61.625 62.25 62.875 63.5 64.125 64.75 65.375 66.0 62.2 58.4
54.6 50.8 47.0 49.0 51.0 53.0 55.0 57.0 59.0 61.0 63.0 65.0 67.0 53.0 54.625 56.25 57.875 59.5 61.125 62.75 64.375 66.0 62.2 58.4
