61.8 56.4 51.0 50.875 50.75 50.625 50.5 50.375 50.25 50.125 50.0 50.333333333333336 50.666666666666664 51.0 54.375 57.75 61.125 64.5 67.875 71.25 74.625 78.0 72.6 67.2
61.8 56.4 51.0 54.333333333333336 57.666666666666664 61.0 64.33333333333333 67.66666666666667 71.0 60.5 50.0 49.0 48.0 51.333333333333336 54.666666666666664 58.0 61.333333333333336 64.66666666666667 68.0 71.33333333333334 74.66666666666667 78.0 72.6 67.2
68.4 65.2 62.0 63.5 65.0 66.5 68.0 69.5 71.0 60.5 50.0 49.0 48.0 51.333333333333336 54.666666666666664 58.0 61.333333333333336 64.66666666666667 68.0 71.33333333333334 74.66666666666667 78.0 74.8 71.6
60.0 61.0 62.0 65.5 69.0 72.5 76.0 73.5 71.0 60.5 50.0 49.0 48.0 49.0 50.0 51.0 52.0 53.0 54.0 55.0 56.0 57.0 58.0 59.0
60.0 61.0 62.0 65.5 69.0 72.5 76.0 73.5 71.0 60.5 50.0 49.0 48.0 49.0 50.0 51.0 52.0 53.0 54.0 55.0 56.0 57.0 58.0 59.0
60.266666666666666 61.13333333333333 62.0 65.5 69.0 72.5 76.0 70.66666666666667 65.33333333333333 60.0 66.0 49.0 49.86666666666667 50.733333333333334 51.6 52.46666666666667 53.333333333333336 54.2 55.06666666666666 55.93333333333334 56.8 57.66666666666667 58.53333333333333 59.4
65.0 66.0 67.0 69.25 71.5 73.75 76.0 70.66666666666667 65.33333333333333 60.0 66.0 49.0 51.5 54.0 55.0 56.0 57.0 58.0 59.0 60.0 61.0 62.0 63.0 64.0
65.0 66.0 67.0 67.5 68.0 68.5 69.0 66.0 63.0 60.0 66.0 49.0 51.5 54.0 55.0 56.0 57.0 58.0 59.0 60.0 61.0 62.0 63.0 64.0
65.0 66.0 67.0 67.5 68.0 68.5 69.0 74.5 80.0 56.0 57.0 41.0 47.5 54.0 55.0 56.0 57.0 58.0 59.0 60.0 61.0 62.0 63.0 64.0
60.84615384615385 61.92307692307692 63.0 64.5 66.0 67.5 69.0 74.5 80.0 56.0 57.0 41.0 79.0 49.0 50.07692307692308 51.15384615384615 52.23076923076923 53.30769230769231 54.38461538461539 55.46153846153846 56.53846153846154 57.61538461538461 58.69230769230769 59.76923076923077
59.35294117647059 60.294117647058826 61.23529411764706 62.17647058823529 63.11764705882353 64.05882352941177 65.0 72.5 80.0 56.0 57.0 41.0 79.0 49.0 49.94117647058823 50.88235294117647 51.8235294117647 52.76470588235294 53.705882352941174 54.64705882352941 55.588235294117645 56.529411764705884 57.470588235294116 58.411764705882355
59.35294117647059 60.294117647058826 61.23529411764706 62.17647058823529 63.11764705882353 64.05882352941177 65.0 72.5 80.0 56.0 57.0 53.0 79.0 49.0 49.94117647058823 50.88235294117647 51.8235294117647 52.76470588235294 53.705882352941174 54.64705882352941 55.588235294117645 56.529411764705884 57.470588235294116 58.411764705882355
59.35294117647059 60.294117647058826 61.23529411764706 62.17647058823529 63.11764705882353 64.05882352941177 65.0 71.5 78.0 52.0 60.0 53.0 75.0 49.0 49.94117647058823 50.88235294117647 51.8235294117647 52.76470588235294 53.705882352941174 54.64705882352941 55.588235294117645 56.529411764705884 57.470588235294116 58.411764705882355
70.0 67.5 65.0 64.0 63.0 62.0 61.0 69.5 78.0 52.0 60.0 53.0 75.0 39.0 43.0 47.0 51.0 55.0 59.0 63.0 67.0 71.0 75.0 72.5
70.0 67.5 65.0 64.0 63.0 62.0 61.0 69.5 78.0 52.0 60.0 53.0 75.0 39.0 43.0 47.0 51.0 55.0 59.0 63.0 67.0 71.0 75.0 72.5
70.0 67.5 65.0 64.0 63.0 62.0 61.0 69.5 78.0 57.0 64.0 50.0 75.0 39.0 43.0 47.0 51.0 55.0 59.0 63.0 67.0 71.0 75.0 72.5
70.0 67.5 65.0 64.0 63.0 62.0 61.0 69.0 77.0 57.0 64.0 50.0 64.0 39.0 43.0 47.0 51.0 55.0 59.0 63.0 67.0 71.0 75.0 72.5
61.0 56.5 52.0 53.75 55.5 57.25 59.0 68.0 77.0 57.0 64.0 50.0 64.0 33.0 37.111111111111114 41.22222222222222 45.33333333333333 49.44444444444444 53.55555555555556 57.666666666666664 61.77777777777777 65.88888888888889 70.0 65.5
61.0 56.5 52.0 53.75 55.5 57.25 59.0 68.0 77.0 57.0 64.0 50.0 64.0 33.0 38.625 44.25 49.875 55.5 61.125 66.75 72.375 78.0 70.0 65.5
61.0 56.5 52.0 53.75 55.5 57.25 59.0 68.0 77.0 57.0 70.0 49.0 64.0 33.0 38.625 44.25 49.875 55.5 61.125 66.75 72.375 78.0 70.0 65.5
61.0 56.5 52.0 53.75 55.5 57.25 59.0 69.0 79.0 55.0 70.0 49.0 58.0 33.0 41.75 50.5 59.25 68.0 70.5 73.0 75.5 78.0 70.0 65.5
58.5 54.25 50.0 52.25 54.5 56.75 59.0 69.0 79.0 55.0 70.0 49.0 58.0 60.0 62.0 64.0 66.0 68.0 70.5 73.0 75.5 78.0 67.0 62.75
64.0 62.5 61.0 59.5 58.0 56.5 55.0 67.0 79.0 55.0 70.0 49.0 58.0 60.0 62.0 64.0 66.0 68.0 70.25 72.5 74.75 77.0 67.0 65.5
64.0 62.5 61.0 59.5 58.0 56.5 55.0 67.0 79.0 55.0 70.0 49.0 58.0 60.0 62.0 64.0 66.0 68.0 70.25 72.5 74.75 77.0 67.0 65.5
64.0 62.5 61.0 59.5 58.0 56.5 55.0 65.5 76.0 64.0 70.0 49.0 55.0 66.0 77.0 77.0 77.0 77.0 77.0 77.0 77.0 77.0 67.0 65.5
63.25 61.875 60.5 59.125 57.75 56.375 55.0 65.5 76.0 64.0 70.0 49.0 55.0 66.0 77.0 77.5 78.0 78.5 79.0 78.33333333333333 77.66666666666667 77.0 66.0 64.625
64.25 63.375 62.5 61.625 60.75 59.875 59.0 67.5 76.0 64.0 70.0 49.0 55.0 66.0 77.0 77.5 78.0 78.5 79.0 77.66666666666667 76.33333333333333 75.0 66.0 65.125
64.25 63.375 62.5 61.625 60.75 59.875 59.0 65.0 71.0 62.0 71.0 47.0 55.0 66.0 77.0 77.5 78.0 78.5 79.0 77.66666666666667 76.33333333333333 75.0 66.0 65.125
69.0 70.0 71.0 72.0 73.0 66.0 59.0 65.0 71.0 62.0 71.0 47.0 61.0 30.0 73.0 74.33333333333333 75.66666666666667 77.0 76.5 76.0 75.5 75.0 67.0 68.0
69.0 70.0 71.0 72.0 73.0 64.5 56.0 63.5 71.0 62.0 71.0 47.0 61.0 30.0 73.0 74.33333333333333 75.66666666666667 77.0 76.75 76.5 76.25 76.0 67.0 68.0
60.0 56.5 53.0 63.0 73.0 64.5 56.0 65.0 74.0 67.0 70.0 50.0 61.0 30.0 73.0 74.33333333333333 75.66666666666667 77.0 76.75 76.5 76.25 76.0 67.0 63.5
60.0 56.5 53.0 66.5 80.0 68.0 56.0 65.0 74.0 67.0 70.0 50.0 59.0 30.0 73.0 74.33333333333333 75.66666666666667 77.0 76.75 76.5 76.25 76.0 67.0 63.5
60.0 56.5 53.0 66.5 80.0 70.0 60.0 67.0 74.0 67.0 70.0 50.0 59.0 66.0 73.0 74.33333333333333 75.66666666666667 77.0 76.75 76.5 76.25 76.0 67.0 63.5
58.5 54.25 50.0 65.0 80.0 70.0 60.0 67.0 74.0 67.0 70.0 50.0 59.0 66.0 73.0 74.33333333333333 75.66666666666667 77.0 76.5 76.0 75.5 75.0 67.0 62.75
58.5 54.25 50.0 65.0 80.0 70.0 60.0 67.0 74.0 63.0 76.0 49.0 59.0 66.0 73.0 74.33333333333333 75.66666666666667 77.0 76.5 76.0 75.5 75.0 67.0 62.75
58.5 54.25 50.0 65.0 80.0 70.0 60.0 68.5 77.0 63.0 76.0 49.0 63.0 67.5 72.0 72.0 72.0 72.0 72.75 73.5 74.25 75.0 67.0 62.75
59.5 54.75 50.0 64.0 78.0 69.0 60.0 68.5 77.0 63.0 76.0 49.0 63.0 67.5 72.0 72.0 72.0 72.0 72.75 73.5 74.25 75.0 69.0 64.25
60.5 56.25 52.0 65.0 78.0 69.0 60.0 68.5 77.0 63.0 76.0 49.0 63.0 67.5 72.0 72.0 72.0 72.0 73.0 74.0 75.0 76.0 69.0 64.75
60.5 56.25 52.0 65.0 78.0 69.0 60.0 68.5 77.0 63.0 76.0 55.0 63.0 67.5 72.0 72.0 72.0 72.0 73.0 74.0 75.0 76.0 69.0 64.75
60.5 56.25 52.0 65.0 78.0 69.0 60.0 53.5 47.0 67.0 76.0 55.0 63.0 67.0 71.0 71.33333333333333 71.66666666666667 72.0 73.0 74.0 75.0 76.0 69.0 64.75
60.5 56.25 52.0 63.0 74.0 67.0 60.0 53.5 47.0 67.0 76.0 55.0 63.0 67.0 71.0 71.33333333333333 71.66666666666667 72.0 79.0 78.0 77.0 76.0 69.0 64.75
61.5 57.75 54.0 64.0 74.0 77.0 62.0 54.5 47.0 67.0 76.0 55.0 63.0 67.0 71.0 71.33333333333333 71.66666666666667 72.0 79.0 78.33333333333333 77.66666666666667 77.0 69.0 65.25
61.5 57.75 54.0 64.0 74.0 77.0 62.0 54.5 47.0 67.0 76.0 59.0 63.0 67.0 71.0 71.33333333333333 71.66666666666667 72.0 79.0 78.33333333333333 77.66666666666667 77.0 69.0 65.25
61.5 57.75 54.0 62.0 70.0 77.0 62.0 65.33333333333333 68.66666666666667 72.0 79.0 59.0 68.0 69.0 70.0 72.0 74.0 76.0 79.0 78.33333333333333 77.66666666666667 77.0 69.0 65.25
60.0 55.5 51.0 60.5 70.0 80.0 61.0 64.66666666666667 68.33333333333333 72.0 79.0 59.0 68.0 69.0 70.0 72.0 74.0 76.0 76.25 76.5 76.75 77.0 69.0 64.5
61.0 56.0 51.0 60.5 70.0 80.0 61.0 64.66666666666667 68.33333333333333 72.0 79.0 57.0 68.0 69.0 70.0 72.0 74.0 76.0 75.75 75.5 75.25 75.0 71.0 66.0
61.0 56.0 51.0 60.5 70.0 80.0 61.0 65.0 69.0 73.0 79.0 57.0 67.0 33.0 64.0 69.33333333333333 74.66666666666667 80.0 78.75 77.5 76.25 75.0 71.0 66.0
61.0 56.0 51.0 79.0 70.0 66.0 62.0 65.66666666666667 69.33333333333333 73.0 79.0 57.0 67.0 33.0 64.0 69.33333333333333 74.66666666666667 80.0 78.75 77.5 76.25 75.0 71.0 66.0
58.0 52.0 46.0 79.0 70.0 66.0 62.0 65.66666666666667 69.33333333333333 73.0 79.0 57.0 67.0 33.0 64.0 69.33333333333333 74.66666666666667 80.0 78.75 77.5 76.25 75.0 70.0 64.0
58.0 52.0 46.0 79.0 70.0 66.0 62.0 61.6 61.2 60.8 60.4 60.0 67.0 33.0 64.0 69.33333333333333 74.66666666666667 80.0 79.0 78.0 77.0 76.0 70.0 64.0
58.0 52.0 46.0 79.0 72.0 67.0 62.0 61.6 61.2 60.8 60.4 60.0 69.0 65.0 61.0 66.33333333333333 71.66666666666667 77.0 76.75 76.5 76.25 76.0 70.0 64.0
58.0 52.0 46.0 77.0 72.0 66.5 61.0 60.8 60.6 60.4 60.2 60.0 69.0 65.0 61.0 66.33333333333333 71.66666666666667 77.0 76.75 76.5 76.25 76.0 70.0 64.0
59.5 54.25 49.0 77.0 72.0 66.5 61.0 60.8 60.6 60.4 60.2 60.0 69.0 65.0 61.0 66.33333333333333 71.66666666666667 77.0 76.75 76.5 76.25 76.0 70.0 64.75
59.5 54.25 49.0 77.0 72.0 66.5 61.0 66.66666666666667 72.33333333333333 78.0 70.0 62.0 69.0 65.0 61.0 66.33333333333333 71.66666666666667 77.0 77.0 77.0 77.0 77.0 70.0 64.75
59.5 54.25 49.0 77.0 72.0 66.5 61.0 66.66666666666667 72.33333333333333 78.0 70.0 62.0 71.0 66.5 62.0 67.33333333333333 72.66666666666667 78.0 77.75 77.5 77.25 77.0 70.0 64.75
59.5 54.25 49.0 79.0 71.0 66.0 61.0 66.66666666666667 72.33333333333333 78.0 70.0 62.0 71.0 66.5 62.0 67.33333333333333 72.66666666666667 78.0 77.75 77.5 77.25 77.0 70.0 64.75
60.0 55.0 50.0 79.0 71.0 67.0 63.0 68.0 73.0 78.0 70.0 62.0 71.0 66.5 62.0 67.33333333333333 72.66666666666667 78.0 77.75 77.5 77.25 77.0 70.0 65.0
60.0 55.0 50.0 79.0 71.0 67.0 63.0 68.0 73.0 78.0 69.5 61.0 71.0 66.5 62.0 67.33333333333333 72.66666666666667 78.0 77.5 77.0 76.5 76.0 70.0 65.0
60.0 55.0 50.0 79.0 71.0 67.0 63.0 62.6 62.2 61.8 61.4 61.0 66.0 59.5 53.0 60.333333333333336 67.66666666666667 75.0 75.25 75.5 75.75 76.0 70.0 65.0
60.0 55.0 50.0 79.0 70.0 66.5 63.0 62.6 62.2 61.8 61.4 61.0 66.0 59.5 53.0 60.333333333333336 67.66666666666667 75.0 75.25 75.5 75.75 76.0 70.0 65.0
59.5 54.75 50.0 60.0 70.0 66.5 63.0 62.6 62.2 61.8 61.4 61.0 66.0 59.5 53.0 60.333333333333336 67.66666666666667 75.0 75.25 75.5 75.75 76.0 69.0 64.25
59.5 54.75 50.0 60.0 70.0 66.5 63.0 62.2 61.4 60.6 59.8 59.0 66.0 59.5 53.0 60.333333333333336 67.66666666666667 75.0 75.25 75.5 75.75 76.0 69.0 64.25
59.5 54.75 50.0 58.0 66.0 64.5 63.0 62.2 61.4 60.6 59.8 59.0 69.0 63.0 57.0 59.714285714285715 62.42857142857143 65.14285714285714 67.85714285714286 70.57142857142857 73.28571428571428 76.0 69.0 64.25
58.5 54.25 50.0 58.0 66.0 63.5 61.0 60.6 60.2 59.8 59.4 59.0 69.0 63.0 57.0 59.714285714285715 62.42857142857143 65.14285714285714 67.85714285714286 70.57142857142857 73.28571428571428 76.0 67.0 62.75
57.0 52.0 47.0 56.5 66.0 63.5 61.0 61.2 61.4 61.6 61.8 62.0 69.0 63.0 57.0 59.57142857142857 62.142857142857146 64.71428571428572 67.28571428571429 69.85714285714286 72.42857142857143 75.0 67.0 62.0
57.0 52.0 47.0 56.5 66.0 63.5 61.0 61.2 61.4 61.6 61.8 62.0 68.0 62.0 56.0 64.0 72.0 80.0 78.75 77.5 76.25 75.0 67.0 62.0
57.0 52.0 47.0 57.5 68.0 63.5 59.0 59.6 60.2 60.8 61.4 62.0 68.0 62.0 56.0 64.0 72.0 80.0 78.75 77.5 76.25 75.0 67.0 62.0
56.5 50.25 44.0 56.0 68.0 63.5 59.0 59.6 60.2 60.8 61.4 62.0 68.0 62.0 56.0 64.0 72.0 80.0 78.75 77.5 76.25 75.0 69.0 62.75
56.5 50.25 44.0 56.0 68.0 63.5 59.0 60.0 61.0 62.0 63.0 64.0 68.0 62.0 56.0 64.0 72.0 80.0 78.5 77.0 75.5 74.0 69.0 62.75
56.5 50.25 44.0 53.5 63.0 61.0 59.0 60.0 61.0 62.0 63.0 64.0 70.0 63.5 57.0 63.666666666666664 70.33333333333333 77.0 76.25 75.5 74.75 74.0 69.0 62.75
56.5 50.25 44.0 53.5 63.0 61.0 59.0 60.0 61.0 62.0 63.0 64.0 70.0 63.5 57.0 63.666666666666664 70.33333333333333 77.0 76.25 75.5 74.75 74.0 69.0 62.75
51.0 42.5 34.0 48.5 63.0 62.5 62.0 62.4 62.8 63.2 63.6 64.0 70.0 63.5 57.0 63.666666666666664 70.33333333333333 77.0 76.25 75.5 74.75 74.0 68.0 59.5
51.0 42.5 34.0 48.5 63.0 62.5 62.0 62.6 63.2 63.8 64.4 65.0 70.0 63.5 57.0 63.666666666666664 70.33333333333333 77.0 76.25 75.5 74.75 74.0 68.0 59.5
51.0 42.5 34.0 48.5 63.0 62.5 62.0 67.66666666666667 73.33333333333333 79.0 72.0 65.0 68.0 62.5 57.0 62.0 67.0 72.0 72.5 73.0 73.5 74.0 68.0 59.5
51.0 42.5 34.0 50.5 67.0 64.5 62.0 67.66666666666667 73.33333333333333 79.0 72.0 65.0 68.0 62.5 57.0 62.0 67.0 72.0 72.5 73.0 73.5 74.0 68.0 59.5
52.0 43.0 34.0 50.5 67.0 78.0 61.0 67.0 73.0 79.0 72.0 65.0 68.0 62.5 57.0 62.0 67.0 72.0 72.5 73.0 73.5 74.0 70.0 61.0
59.0 53.5 48.0 57.5 67.0 78.0 61.0 67.0 73.0 79.0 72.5 66.0 68.0 62.5 57.0 62.0 67.0 72.0 72.5 73.0 73.5 74.0 70.0 64.5
59.0 53.5 48.0 58.5 69.0 78.0 61.0 59.666666666666664 58.333333333333336 57.0 61.5 66.0 69.0 58.5 48.0 57.0 66.0 75.0 74.75 74.5 74.25 74.0 70.0 64.5
59.0 53.5 48.0 58.5 69.0 64.5 60.0 59.0 58.0 57.0 61.5 66.0 60.0 54.0 48.0 57.0 66.0 75.0 74.75 74.5 74.25 74.0 70.0 64.5
54.0 47.0 40.0 54.5 69.0 64.5 60.0 59.0 58.0 57.0 61.5 66.0 60.0 54.0 48.0 57.0 66.0 75.0 74.75 74.5 74.25 74.0 68.0 61.0
54.0 47.0 40.0 54.5 69.0 64.5 60.0 61.0 62.0 63.0 63.5 64.0 58.666666666666664 53.333333333333336 48.0 57.0 66.0 75.0 74.5 74.0 73.5 73.0 68.0 61.0
54.0 47.0 40.0 55.5 71.0 65.5 60.0 61.0 62.0 63.0 63.5 64.0 68.0 60.0 52.0 61.0 70.0 79.0 77.5 76.0 74.5 73.0 68.0 61.0
55.0 47.5 40.0 55.5 71.0 77.0 58.0 59.666666666666664 61.333333333333336 63.0 63.5 64.0 68.0 60.0 52.0 61.0 70.0 79.0 77.5 76.0 74.5 73.0 70.0 62.5
51.5 42.25 33.0 52.0 71.0 77.0 58.0 58.333333333333336 58.666666666666664 59.0 61.0 63.0 68.0 60.0 52.0 61.0 70.0 79.0 78.25 77.5 76.75 76.0 70.0 60.75
51.5 42.25 33.0 50.5 68.0 77.0 58.0 58.333333333333336 58.666666666666664 59.0 61.0 63.0 68.0 61.0 54.0 62.666666666666664 71.33333333333333 80.0 79.0 78.0 77.0 76.0 70.0 60.75
51.5 42.25 33.0 50.5 68.0 80.0 54.0 55.666666666666664 57.333333333333336 59.0 61.0 63.0 70.0 62.0 54.0 62.666666666666664 71.33333333333333 80.0 79.0 78.0 77.0 76.0 70.0 60.75
63.0 59.5 56.0 62.0 68.0 80.0 54.0 55.666666666666664 57.333333333333336 59.0 61.0 63.0 70.0 62.0 54.0 62.666666666666664 71.33333333333333 80.0 79.0 78.0 77.0 76.0 70.0 66.5
63.0 59.5 56.0 63.0 70.0 80.0 54.0 55.666666666666664 57.333333333333336 59.0 77.0 60.0 70.0 62.0 54.0 62.666666666666664 71.33333333333333 80.0 79.0 78.0 77.0 76.0 70.0 66.5
63.0 59.5 56.0 63.0 70.0 80.0 54.0 55.666666666666664 57.333333333333336 59.0 77.0 60.0 70.0 70.0 70.0 72.66666666666667 75.33333333333333 78.0 77.5 77.0 76.5 76.0 70.0 66.5
63.5 59.75 56.0 63.0 70.0 76.0 58.0 58.333333333333336 58.666666666666664 59.0 77.0 60.0 66.0 68.0 70.0 72.66666666666667 75.33333333333333 78.0 77.5 77.0 76.5 76.0 71.0 67.25
65.0 62.0 59.0 64.5 70.0 76.0 58.0 58.333333333333336 58.666666666666664 59.0 71.0 54.0 66.0 68.0 70.0 72.66666666666667 75.33333333333333 78.0 78.0 78.0 78.0 78.0 71.0 68.0
65.0 62.0 59.0 64.5 70.0 76.0 58.0 57.0 56.0 55.0 71.0 54.0 66.0 67.0 68.0 69.0 70.0 71.0 72.75 74.5 76.25 78.0 71.0 68.0
65.0 62.0 59.0 64.66666666666667 70.33333333333333 76.0 58.0 57.0 56.0 55.0 71.0 54.0 64.0 65.4 66.8 68.2 69.6 71.0 72.75 74.5 76.25 78.0 71.0 68.0
61.0 57.0 53.0 61.333333333333336 69.66666666666667 78.0 55.0 57.0 56.0 55.0 67.0 54.0 64.0 65.4 66.8 68.2 69.6 71.0 72.75 74.5 76.25 78.0 69.0 65.0
61.0 57.0 53.0 61.333333333333336 69.66666666666667 78.0 55.0 57.0 58.5 60.0 67.0 54.0 64.0 65.4 66.8 68.2 69.6 71.0 73.25 75.5 77.75 80.0 69.0 65.0
61.0 57.0 53.0 65.0 77.0 78.0 55.0 57.0 58.5 60.0 67.0 54.0 64.0 67.5 71.0 53.0 35.0 67.0 70.25 73.5 76.75 80.0 69.0 65.0
61.0 57.0 53.0 65.0 77.0 65.5 54.0 57.0 58.5 60.0 67.0 54.0 63.0 67.0 71.0 53.0 35.0 67.0 70.25 73.5 76.75 80.0 69.0 65.0
59.5 54.25 49.0 63.0 77.0 65.5 54.0 56.0 58.0 60.0 67.0 48.0 63.0 67.0 71.0 53.0 35.0 67.0 69.25 71.5 73.75 76.0 70.0 64.75
59.5 54.25 49.0 63.0 77.0 65.5 54.0 53.333333333333336 52.666666666666664 52.0 65.0 48.0 63.0 63.0 63.0 65.33333333333333 67.66666666666667 70.0 71.5 73.0 74.5 76.0 70.0 64.75
59.5 54.25 49.0 61.0 73.0 64.0 55.0 54.0 53.0 52.0 65.0 48.0 60.0 61.5 63.0 65.33333333333333 67.66666666666667 70.0 71.5 73.0 74.5 76.0 70.0 64.75
63.0 59.0 55.0 64.0 73.0 64.0 55.0 54.0 53.0 52.0 65.0 48.0 60.0 61.5 63.0 65.33333333333333 67.66666666666667 70.0 71.5 73.0 74.5 76.0 71.0 67.0
63.0 59.0 55.0 64.0 73.0 64.0 55.0 56.333333333333336 57.666666666666664 59.0 65.0 48.0 60.0 61.5 63.0 65.33333333333333 67.66666666666667 70.0 72.0 74.0 76.0 78.0 71.0 67.0
63.0 59.0 55.0 64.0 73.0 64.0 55.0 64.5 74.0 59.0 65.0 48.0 60.0 65.0 70.0 71.66666666666667 73.33333333333333 75.0 75.75 76.5 77.25 78.0 71.0 67.0
63.0 59.0 55.0 64.0 73.0 64.0 55.0 64.5 74.0 59.0 65.0 48.0 65.0 67.5 70.0 71.66666666666667 73.33333333333333 75.0 75.75 76.5 77.25 78.0 71.0 67.0
63.0 59.0 55.0 64.0 73.0 63.5 54.0 64.0 74.0 59.0 65.0 48.0 65.0 67.5 70.0 71.66666666666667 73.33333333333333 75.0 75.75 76.5 77.25 78.0 71.0 67.0
64.5 61.25 58.0 65.5 73.0 63.5 54.0 64.0 74.0 59.0 64.0 50.0 65.0 67.5 70.0 71.66666666666667 73.33333333333333 75.0 75.75 76.5 77.25 78.0 71.0 67.75
64.5 61.25 58.0 65.5 73.0 63.5 54.0 64.5 75.0 43.0 64.0 50.0 65.0 65.0 65.0 66.85714285714286 68.71428571428571 70.57142857142857 72.42857142857143 74.28571428571429 76.14285714285714 78.0 71.0 67.75
64.5 61.25 58.0 68.0 78.0 66.0 54.0 64.5 75.0 43.0 64.0 50.0 60.0 37.0 65.0 66.85714285714286 68.71428571428571 70.57142857142857 72.42857142857143 74.28571428571429 76.14285714285714 78.0 71.0 67.75
64.0 61.0 58.0 68.0 78.0 77.25 76.5 75.75 75.0 43.0 64.0 50.0 60.0 37.0 65.0 66.85714285714286 68.71428571428571 70.57142857142857 72.42857142857143 74.28571428571429 76.14285714285714 78.0 70.0 67.0
63.5 60.25 57.0 67.5 78.0 77.25 76.5 75.75 75.0 43.0 67.0 46.0 60.0 37.0 65.0 67.0 69.0 71.0 73.0 75.0 77.0 79.0 70.0 66.75
63.5 60.25 57.0 68.0 79.0 72.4 65.8 59.2 52.6 46.0 67.0 46.0 60.0 37.0 72.0 73.0 74.0 75.0 76.0 77.0 78.0 79.0 70.0 66.75
63.5 60.25 57.0 68.0 79.0 72.4 65.8 59.2 52.6 46.0 67.0 46.0 66.0 37.0 72.0 73.0 74.0 75.0 76.0 77.0 78.0 79.0 70.0 66.75
66.0 62.5 59.0 69.0 79.0 72.4 65.8 59.2 52.6 46.0 67.0 46.0 66.0 37.0 72.0 73.0 74.0 75.0 76.0 77.0 78.0 79.0 73.0 69.5
66.0 62.5 59.0 69.0 79.0 72.2 65.4 58.6 51.8 45.0 67.0 47.0 66.0 37.0 72.0 73.0 74.0 75.0 76.0 77.0 78.0 79.0 73.0 69.5
66.0 62.5 59.0 68.0 77.0 70.6 64.2 57.8 51.4 45.0 67.0 47.0 69.0 36.0 74.0 74.71428571428571 75.42857142857143 76.14285714285714 76.85714285714286 77.57142857142857 78.28571428571429 79.0 73.0 69.5
65.5 62.25 59.0 68.0 77.0 70.6 64.2 57.8 51.4 45.0 67.0 47.0 69.0 36.0 74.0 74.71428571428571 75.42857142857143 76.14285714285714 76.85714285714286 77.57142857142857 78.28571428571429 79.0 72.0 68.75
63.5 59.25 55.0 66.0 77.0 75.5 74.0 72.5 71.0 69.5 68.0 51.0 69.0 36.0 74.0 73.75 73.5 73.25 73.0 72.75 72.5 72.25 72.0 67.75
63.5 59.25 55.0 66.0 77.0 77.75 78.5 79.25 80.0 74.0 68.0 51.0 69.0 36.0 40.0 44.0 48.0 52.0 56.0 60.0 64.0 68.0 72.0 67.75
63.5 59.25 55.0 59.166666666666664 63.333333333333336 67.5 71.66666666666667 75.83333333333334 80.0 74.0 68.0 51.0 77.0 39.0 42.666666666666664 46.333333333333336 50.0 53.666666666666664 57.33333333333333 61.0 64.66666666666666 68.33333333333333 72.0 67.75
64.5 59.75 55.0 59.166666666666664 63.333333333333336 67.5 71.66666666666667 75.83333333333334 80.0 74.0 68.0 51.0 77.0 39.0 42.888888888888886 46.77777777777778 50.666666666666664 54.55555555555556 58.44444444444444 62.33333333333333 66.22222222222223 70.11111111111111 74.0 69.25
68.0 65.0 62.0 63.25 64.5 65.75 67.0 68.25 69.5 70.75 72.0 51.0 77.0 39.0 42.888888888888886 46.77777777777778 50.666666666666664 54.55555555555556 58.44444444444444 62.33333333333333 66.22222222222223 70.11111111111111 74.0 71.0
68.0 65.0 62.0 63.25 64.5 65.75 67.0 68.25 69.5 70.75 72.0 51.0 77.0 39.0 42.888888888888886 46.77777777777778 50.666666666666664 54.55555555555556 58.44444444444444 62.33333333333333 66.22222222222223 70.11111111111111 74.0 71.0
69.5 65.75 62.0 63.25 64.5 65.75 67.0 68.25 69.5 70.75 72.0 51.0 51.0 51.0 53.888888888888886 56.77777777777778 59.666666666666664 62.55555555555556 65.44444444444444 68.33333333333333 71.22222222222223 74.11111111111111 77.0 73.25
74.0 72.5 71.0 71.375 71.75 72.125 72.5 72.875 73.25 73.625 74.0 52.0 51.5 51.0 53.888888888888886 56.77777777777778 59.666666666666664 62.55555555555556 65.44444444444444 68.33333333333333 71.22222222222223 74.11111111111111 77.0 75.5
74.0 72.5 71.0 71.85714285714286 72.71428571428571 73.57142857142857 74.42857142857143 75.28571428571429 76.14285714285714 77.0 74.0 52.0 51.5 51.0 53.888888888888886 56.77777777777778 59.666666666666664 62.55555555555556 65.44444444444444 68.33333333333333 71.22222222222223 74.11111111111111 77.0 75.5
74.0 72.5 71.0 71.85714285714286 72.71428571428571 73.57142857142857 74.42857142857143 75.28571428571429 76.14285714285714 77.0 74.0 52.0 47.5 43.0 46.77777777777778 50.55555555555556 54.33333333333333 58.111111111111114 61.888888888888886 65.66666666666666 69.44444444444444 73.22222222222223 77.0 75.5
65.84615384615384 67.92307692307693 70.0 71.0 72.0 73.0 74.0 75.0 76.0 77.0 80.0 52.0 47.5 43.0 45.07692307692308 47.15384615384615 49.23076923076923 51.30769230769231 53.38461538461539 55.46153846153847 57.53846153846154 59.61538461538461 61.69230769230769 63.769230769230774
65.84615384615384 67.92307692307693 70.0 71.25 72.5 73.75 75.0 76.25 77.5 78.75 80.0 32.0 37.5 43.0 45.07692307692308 47.15384615384615 49.23076923076923 51.30769230769231 53.38461538461539 55.46153846153847 57.53846153846154 59.61538461538461 61.69230769230769 63.769230769230774
62.0 66.0 70.0 71.25 72.5 73.75 75.0 76.25 77.5 78.75 80.0 32.0 37.5 43.0 40.75 38.5 36.25 34.0 38.0 42.0 46.0 50.0 54.0 58.0
62.0 66.0 70.0 71.25 72.5 73.75 75.0 76.25 77.5 78.75 80.0 32.0 37.5 43.0 40.75 38.5 36.25 34.0 38.0 42.0 46.0 50.0 54.0 58.0
77.76923076923077 77.6923076923077 77.61538461538461 77.53846153846153 77.46153846153847 77.38461538461539 77.3076923076923 77.23076923076923 77.15384615384616 77.07692307692308 77.0 65.66666666666667 54.33333333333333 43.0 39.75 36.5 33.25 30.0 42.0 54.0 66.0 78.0 77.92307692307692 77.84615384615384
77.76923076923077 77.6923076923077 77.61538461538461 77.53846153846153 77.46153846153847 77.38461538461539 77.3076923076923 77.23076923076923 77.15384615384616 77.07692307692308 77.0 65.66666666666667 54.33333333333333 43.0 39.75 36.5 33.25 30.0 42.0 54.0 66.0 78.0 77.92307692307692 77.84615384615384
77.76923076923077 77.6923076923077 77.61538461538461 77.53846153846153 77.46153846153847 77.38461538461539 77.3076923076923 77.23076923076923 77.15384615384616 77.07692307692308 77.0 65.66666666666667 54.33333333333333 43.0 39.75 36.5 33.25 30.0 42.0 54.0 66.0 78.0 77.92307692307692 77.84615384615384
62.4 57.2 52.0 51.18181818181818 50.36363636363637 49.54545454545455 48.72727272727273 47.90909090909091 47.09090909090909 46.27272727272727 45.45454545454545 44.63636363636363 43.81818181818182 43.0 39.75 36.5 33.25 30.0 42.0 54.0 66.0 78.0 72.8 67.6
