51.470588235294116 51.529411764705884 51.588235294117645 51.64705882352941 51.705882352941174 51.76470588235294 51.8235294117647 51.88235294117647 51.94117647058823 52.0 30.0 56.0 55.0 54.0 53.0 52.0 51.0 51.05882352941177 51.11764705882353 51.1764705882353 51.23529411764706 51.294117647058826 51.35294117647059 51.411764705882355
51.470588235294116 51.529411764705884 51.588235294117645 51.64705882352941 51.705882352941174 51.76470588235294 51.8235294117647 51.88235294117647 51.94117647058823 52.0 30.0 57.0 55.8 54.6 53.4 52.2 51.0 51.05882352941177 51.11764705882353 51.1764705882353 51.23529411764706 51.294117647058826 51.35294117647059 51.411764705882355
51.470588235294116 51.529411764705884 51.588235294117645 51.64705882352941 51.705882352941174 51.76470588235294 51.8235294117647 51.88235294117647 51.94117647058823 52.0 33.0 57.0 55.8 54.6 53.4 52.2 51.0 51.05882352941177 51.11764705882353 51.1764705882353 51.23529411764706 51.294117647058826 51.35294117647059 51.411764705882355
51.470588235294116 51.529411764705884 51.588235294117645 51.64705882352941 51.705882352941174 51.76470588235294 51.8235294117647 51.88235294117647 51.94117647058823 52.0 33.0 57.0 55.8 54.6 53.4 52.2 51.0 51.05882352941177 51.11764705882353 51.1764705882353 51.23529411764706 51.294117647058826 51.35294117647059 51.411764705882355
43.529411764705884 44.470588235294116 45.411764705882355 46.35294117647059 47.294117647058826 48.23529411764706 49.17647058823529 50.11764705882353 51.05882352941177 52.0 33.0 57.0 52.8 48.6 44.4 40.2 36.0 36.94117647058823 37.88235294117647 38.8235294117647 39.76470588235294 40.705882352941174 41.64705882352941 42.588235294117645
41.64705882352941 42.35294117647059 43.05882352941177 43.76470588235294 44.470588235294116 45.1764705882353 45.88235294117647 46.58823529411765 47.294117647058826 48.0 33.0 55.0 51.2 47.4 43.6 39.8 36.0 36.705882352941174 37.411764705882355 38.11764705882353 38.8235294117647 39.529411764705884 40.23529411764706 40.94117647058823
48.64705882352941 49.35294117647059 50.05882352941177 50.76470588235294 51.470588235294116 52.1764705882353 52.88235294117647 53.58823529411765 54.294117647058826 55.0 35.0 57.0 54.2 51.4 48.6 45.8 43.0 43.705882352941174 44.411764705882355 45.11764705882353 45.8235294117647 46.529411764705884 47.23529411764706 47.94117647058823
48.64705882352941 49.35294117647059 50.05882352941177 50.76470588235294 51.470588235294116 52.1764705882353 52.88235294117647 53.58823529411765 54.294117647058826 55.0 35.0 57.0 54.2 51.4 48.6 45.8 43.0 43.705882352941174 44.411764705882355 45.11764705882353 45.8235294117647 46.529411764705884 47.23529411764706 47.94117647058823
50.64705882352941 50.35294117647059 50.05882352941177 49.76470588235294 49.470588235294116 49.1764705882353 48.88235294117647 48.588235294117645 48.294117647058826 48.0 39.0 56.0 55.4 54.8 54.2 53.6 53.0 52.705882352941174 52.411764705882355 52.11764705882353 51.8235294117647 51.529411764705884 51.23529411764706 50.94117647058823
50.64705882352941 50.35294117647059 50.05882352941177 49.76470588235294 49.470588235294116 49.1764705882353 48.88235294117647 48.588235294117645 48.294117647058826 48.0 39.0 58.0 57.0 56.0 55.0 54.0 53.0 52.705882352941174 52.411764705882355 52.11764705882353 51.8235294117647 51.529411764705884 51.23529411764706 50.94117647058823
