42.15384615384615 42.07692307692308 42.0 47.142857142857146 52.285714285714285 57.42857142857143 62.57142857142857 67.71428571428572 72.85714285714286 78.0 66.0 59.0 51.0 43.0 42.92307692307692 42.84615384615385 42.76923076923077 42.69230769230769 42.61538461538461 42.53846153846154 42.46153846153846 42.38461538461539 42.30769230769231 42.23076923076923
75.15789473684211 75.47368421052632 75.78947368421052 76.10526315789474 76.42105263157895 76.73684210526315 77.05263157894737 77.36842105263158 77.6842105263158 78.0 66.0 59.0 69.0 43.0 72.0 72.3157894736842 72.63157894736842 72.94736842105263 73.26315789473684 73.57894736842105 73.89473684210526 74.21052631578948 74.52631578947368 74.84210526315789
65.5 63.416666666666664 61.33333333333333 59.25 57.166666666666664 55.08333333333333 53.0 61.333333333333336 69.66666666666667 78.0 66.0 59.0 69.0 43.0 72.0 73.5 75.0 76.5 78.0 75.91666666666667 73.83333333333333 71.75 69.66666666666667 67.58333333333333
65.0 63.0 61.0 59.0 57.0 55.0 53.0 59.25 65.5 71.75 78.0 59.0 69.0 43.0 72.0 73.5 75.0 76.5 78.0 77.0 76.0 75.0 69.0 67.0
73.0 75.0 77.0 78.0 69.66666666666667 61.33333333333333 53.0 59.25 65.5 71.75 78.0 54.0 67.0 33.0 59.0 63.75 68.5 73.25 78.0 77.0 76.0 75.0 69.0 71.0
73.0 75.0 77.0 78.0 69.0 61.0 53.0 59.25 65.5 71.75 78.0 54.0 67.0 33.0 59.0 63.5 68.0 72.5 77.0 76.33333333333333 75.66666666666667 75.0 69.0 71.0
72.0 74.5 77.0 78.0 69.0 60.5 52.0 58.5 65.0 71.5 78.0 54.0 67.0 33.0 59.0 63.5 68.0 72.5 77.0 76.33333333333333 75.66666666666667 75.0 67.0 69.5
72.0 74.5 77.0 78.0 69.0 60.5 52.0 54.8 57.6 60.4 63.2 66.0 67.0 33.0 59.0 63.5 68.0 72.5 77.0 76.33333333333333 75.66666666666667 75.0 67.0 69.5
69.8 71.2 72.6 74.0 65.0 58.5 52.0 54.8 57.6 60.4 63.2 66.0 64.0 55.5 47.0 54.5 62.0 69.5 77.0 76.33333333333333 75.66666666666667 75.0 67.0 68.4
69.8 71.2 72.6 74.0 65.0 58.0 51.0 54.0 57.0 60.0 63.0 66.0 64.0 55.5 47.0 54.75 62.5 70.25 78.0 77.0 76.0 75.0 67.0 68.4
71.6 72.4 73.2 74.0 65.0 78.0 51.0 58.666666666666664 66.33333333333333 74.0 71.0 66.0 64.0 55.5 47.0 54.75 62.5 70.25 78.0 77.33333333333333 76.66666666666667 76.0 70.0 70.8
71.6 72.4 73.2 74.0 65.0 78.0 51.0 58.666666666666664 66.33333333333333 74.0 71.0 54.0 64.0 55.5 47.0 54.75 62.5 70.25 78.0 77.33333333333333 76.66666666666667 76.0 70.0 70.8
72.28571428571429 73.42857142857143 74.57142857142857 75.71428571428571 76.85714285714286 78.0 51.0 58.666666666666664 66.33333333333333 74.0 71.0 54.0 62.0 34.0 42.8 51.6 60.400000000000006 69.2 78.0 77.33333333333333 76.66666666666667 76.0 70.0 71.14285714285714
72.28571428571429 73.42857142857143 74.57142857142857 75.71428571428571 76.85714285714286 78.0 45.0 54.666666666666664 64.33333333333333 74.0 71.0 54.0 62.0 34.0 43.0 52.0 61.0 70.0 79.0 78.0 77.0 76.0 70.0 71.14285714285714
66.0 62.5 59.0 55.5 52.0 48.5 45.0 60.0 75.0 74.0 71.0 54.0 62.0 34.0 43.0 52.0 61.0 70.0 79.0 79.33333333333333 79.66666666666667 80.0 73.0 69.5
66.0 62.5 59.0 55.5 52.0 48.5 45.0 60.0 75.0 70.5 66.0 53.0 62.0 34.0 43.0 52.0 61.0 70.0 79.0 79.33333333333333 79.66666666666667 80.0 73.0 69.5
66.0 62.5 59.0 55.5 52.0 48.5 45.0 60.0 75.0 70.5 66.0 53.0 73.0 34.0 43.0 52.0 61.0 70.0 79.0 79.33333333333333 79.66666666666667 80.0 73.0 69.5
66.0 62.5 59.0 55.5 52.0 48.5 45.0 60.0 75.0 70.5 66.0 53.0 73.0 34.0 39.75 45.5 51.25 57.0 62.75 68.5 74.25 80.0 73.0 69.5
57.73684210526316 59.89473684210526 62.05263157894737 64.21052631578948 66.36842105263159 68.52631578947368 70.68421052631578 72.84210526315789 75.0 70.5 66.0 53.0 73.0 34.0 36.1578947368421 38.31578947368421 40.473684210526315 42.631578947368425 44.78947368421053 46.94736842105263 49.10526315789474 51.26315789473684 53.421052631578945 55.578947368421055
