41.5 46.75 52.0 52.25 52.5 52.75 53.0 53.25 53.5 53.75 54.0 54.333333333333336 54.666666666666664 55.0 58.75 62.5 66.25 70.0 69.75 69.5 69.25 69.0 31.0 36.25
58.8 55.4 52.0 52.25 52.5 52.75 53.0 53.25 53.5 53.75 54.0 54.333333333333336 54.666666666666664 55.0 58.75 62.5 66.25 70.0 69.75 69.5 69.25 69.0 65.6 62.2
58.8 55.4 52.0 52.25 52.5 52.75 53.0 53.25 53.5 53.75 54.0 54.0 54.0 54.0 51.75 49.5 47.25 45.0 51.0 57.0 63.0 69.0 65.6 62.2
62.8 57.4 52.0 52.18181818181818 52.36363636363637 52.54545454545455 52.72727272727273 52.90909090909091 53.09090909090909 53.27272727272727 53.45454545454545 53.63636363636363 53.81818181818182 54.0 51.75 49.5 47.25 45.0 53.5 62.0 70.5 79.0 73.6 68.2
65.2 60.6 56.0 55.81818181818182 55.63636363636363 55.45454545454545 55.27272727272727 55.09090909090909 54.90909090909091 54.72727272727273 54.54545454545455 54.36363636363637 54.18181818181818 54.0 51.75 49.5 47.25 45.0 53.5 62.0 70.5 79.0 74.4 69.8
65.2 60.6 56.0 55.81818181818182 55.63636363636363 55.45454545454545 55.27272727272727 55.09090909090909 54.90909090909091 54.72727272727273 54.54545454545455 54.36363636363637 54.18181818181818 54.0 51.75 49.5 47.25 45.0 53.5 62.0 70.5 79.0 74.4 69.8
65.2 60.6 56.0 57.42857142857143 58.857142857142854 60.285714285714285 61.714285714285715 63.142857142857146 64.57142857142857 66.0 48.5 31.0 41.0 51.0 54.5 58.0 61.5 65.0 68.5 72.0 75.5 79.0 74.4 69.8
55.23076923076923 55.61538461538461 56.0 57.42857142857143 58.857142857142854 60.285714285714285 61.714285714285715 63.142857142857146 64.57142857142857 66.0 48.5 31.0 41.0 51.0 51.38461538461539 51.76923076923077 52.15384615384615 52.53846153846154 52.92307692307692 53.30769230769231 53.69230769230769 54.07692307692308 54.46153846153846 54.84615384615385
62.84615384615385 63.92307692307692 65.0 65.14285714285714 65.28571428571429 65.42857142857143 65.57142857142857 65.71428571428571 65.85714285714286 66.0 48.5 31.0 41.0 51.0 52.07692307692308 53.15384615384615 54.23076923076923 55.30769230769231 56.38461538461539 57.46153846153846 58.53846153846154 59.61538461538461 60.69230769230769 61.76923076923077
71.5 68.25 65.0 65.14285714285714 65.28571428571429 65.42857142857143 65.57142857142857 65.71428571428571 65.85714285714286 66.0 48.5 31.0 41.0 51.0 54.0 57.0 60.0 63.0 66.0 69.0 72.0 75.0 78.0 74.75
71.5 68.25 65.0 63.666666666666664 62.333333333333336 61.0 59.666666666666664 58.333333333333336 57.0 55.66666666666667 54.333333333333336 53.0 55.0 57.0 59.333333333333336 61.666666666666664 64.0 66.33333333333333 68.66666666666667 71.0 73.33333333333334 75.66666666666667 78.0 74.75
71.5 68.25 65.0 63.666666666666664 62.333333333333336 61.0 59.666666666666664 58.333333333333336 57.0 55.66666666666667 54.333333333333336 53.0 55.0 57.0 59.333333333333336 61.666666666666664 64.0 66.33333333333333 68.66666666666667 71.0 73.33333333333334 75.66666666666667 78.0 74.75
71.5 68.25 65.0 63.666666666666664 62.333333333333336 61.0 59.666666666666664 58.333333333333336 57.0 55.66666666666667 54.333333333333336 53.0 55.0 57.0 59.333333333333336 61.666666666666664 64.0 66.33333333333333 68.66666666666667 71.0 73.33333333333334 75.66666666666667 78.0 74.75
72.5 70.25 68.0 69.71428571428571 71.42857142857143 73.14285714285714 74.85714285714286 76.57142857142857 78.28571428571428 80.0 66.5 53.0 55.0 57.0 59.22222222222222 61.44444444444444 63.666666666666664 65.88888888888889 68.11111111111111 70.33333333333333 72.55555555555556 74.77777777777777 77.0 74.75
72.5 70.25 68.0 69.71428571428571 71.42857142857143 73.14285714285714 74.85714285714286 76.57142857142857 78.28571428571428 80.0 67.0 54.0 57.0 60.0 61.888888888888886 63.77777777777778 65.66666666666667 67.55555555555556 69.44444444444444 71.33333333333333 73.22222222222223 75.11111111111111 77.0 74.75
72.5 70.25 68.0 69.71428571428571 71.42857142857143 73.14285714285714 74.85714285714286 76.57142857142857 78.28571428571428 80.0 74.0 54.0 57.0 60.0 61.888888888888886 63.77777777777778 65.66666666666667 67.55555555555556 69.44444444444444 71.33333333333333 73.22222222222223 75.11111111111111 77.0 74.75
72.0 69.5 67.0 68.85714285714286 70.71428571428571 72.57142857142857 74.42857142857143 76.28571428571429 78.14285714285714 80.0 74.0 54.0 57.0 60.0 61.888888888888886 63.77777777777778 65.66666666666667 67.55555555555556 69.44444444444444 71.33333333333333 73.22222222222223 75.11111111111111 77.0 74.5
70.5 68.75 67.0 68.85714285714286 70.71428571428571 72.57142857142857 74.42857142857143 76.28571428571429 78.14285714285714 80.0 74.0 52.0 54.5 57.0 58.888888888888886 60.77777777777778 62.666666666666664 64.55555555555556 66.44444444444444 68.33333333333333 70.22222222222223 72.11111111111111 74.0 72.25
70.5 68.75 67.0 67.875 68.75 69.625 70.5 71.375 72.25 73.125 74.0 52.0 77.0 57.0 59.875 62.75 65.625 68.5 71.375 74.25 77.125 80.0 74.0 72.25
66.5 62.75 59.0 60.625 62.25 63.875 65.5 67.125 68.75 70.375 72.0 52.0 77.0 57.0 59.875 62.75 65.625 68.5 71.375 74.25 77.125 80.0 74.0 70.25
66.5 62.75 59.0 60.625 62.25 63.875 65.5 67.125 68.75 70.375 72.0 52.0 77.0 57.0 59.875 62.75 65.625 68.5 71.375 74.25 77.125 80.0 74.0 70.25
65.5 62.25 59.0 60.714285714285715 62.42857142857143 64.14285714285714 65.85714285714286 67.57142857142857 69.28571428571428 71.0 72.0 52.0 77.0 45.0 49.375 53.75 58.125 62.5 66.875 71.25 75.625 80.0 72.0 68.75
65.5 62.25 59.0 60.714285714285715 62.42857142857143 64.14285714285714 65.85714285714286 67.57142857142857 69.28571428571428 71.0 69.0 52.0 72.0 45.0 49.0 53.0 57.0 61.0 65.0 69.0 73.0 77.0 72.0 68.75
63.5 59.25 55.0 57.285714285714285 59.57142857142857 61.857142857142854 64.14285714285714 66.42857142857143 68.71428571428571 71.0 69.0 52.0 72.0 45.0 49.0 53.0 57.0 61.0 65.0 69.0 73.0 77.0 72.0 67.75
63.5 59.25 55.0 57.285714285714285 59.57142857142857 61.857142857142854 64.14285714285714 66.42857142857143 68.71428571428571 71.0 69.0 52.0 72.0 45.0 71.0 71.85714285714286 72.71428571428571 73.57142857142857 74.42857142857143 75.28571428571429 76.14285714285714 77.0 72.0 67.75
64.0 59.5 55.0 66.0 77.0 75.66666666666667 74.33333333333333 73.0 71.66666666666667 70.33333333333333 69.0 53.0 72.0 39.0 71.0 71.85714285714286 72.71428571428571 73.57142857142857 74.42857142857143 75.28571428571429 76.14285714285714 77.0 73.0 68.5
64.0 59.5 55.0 66.0 77.0 75.66666666666667 74.33333333333333 73.0 71.66666666666667 70.33333333333333 69.0 53.0 69.0 39.0 71.0 72.14285714285714 73.28571428571429 74.42857142857143 75.57142857142857 76.71428571428571 77.85714285714286 79.0 73.0 68.5
64.0 59.5 55.0 66.0 77.0 75.33333333333333 73.66666666666667 72.0 70.33333333333333 68.66666666666667 67.0 53.0 69.0 39.0 71.0 72.14285714285714 73.28571428571429 74.42857142857143 75.57142857142857 76.71428571428571 77.85714285714286 79.0 73.0 68.5
63.5 58.75 54.0 65.5 77.0 75.33333333333333 73.66666666666667 72.0 70.33333333333333 68.66666666666667 67.0 53.0 69.0 39.0 78.0 78.14285714285714 78.28571428571429 78.42857142857143 78.57142857142857 78.71428571428571 78.85714285714286 79.0 73.0 68.25
62.0 58.0 54.0 62.0 70.0 69.6 69.2 68.8 68.4 68.0 67.0 45.0 69.0 73.5 78.0 78.14285714285714 78.28571428571429 78.42857142857143 78.57142857142857 78.71428571428571 78.85714285714286 79.0 70.0 66.0
62.0 58.0 54.0 62.0 70.0 59.5 49.0 55.333333333333336 61.666666666666664 68.0 65.0 45.0 61.0 69.5 78.0 78.14285714285714 78.28571428571429 78.42857142857143 78.57142857142857 78.71428571428571 78.85714285714286 79.0 70.0 66.0
59.5 54.25 49.0 59.5 70.0 59.5 49.0 55.333333333333336 61.666666666666664 68.0 65.0 45.0 61.0 69.5 78.0 78.14285714285714 78.28571428571429 78.42857142857143 78.57142857142857 78.71428571428571 78.85714285714286 79.0 70.0 64.75
59.5 54.25 49.0 63.0 77.0 63.0 49.0 53.333333333333336 57.666666666666664 62.0 65.0 45.0 61.0 38.0 74.0 74.71428571428571 75.42857142857143 76.14285714285714 76.85714285714286 77.57142857142857 78.28571428571429 79.0 70.0 64.75
59.5 54.25 49.0 63.0 77.0 63.0 49.0 53.333333333333336 57.666666666666664 62.0 65.0 45.0 62.0 38.0 74.0 74.57142857142857 75.14285714285714 75.71428571428571 76.28571428571429 76.85714285714286 77.42857142857143 78.0 70.0 64.75
59.5 54.25 49.0 63.0 77.0 64.5 52.0 55.333333333333336 58.666666666666664 62.0 64.0 45.0 62.0 38.0 74.0 74.57142857142857 75.14285714285714 75.71428571428571 76.28571428571429 76.85714285714286 77.42857142857143 78.0 70.0 64.75
59.5 54.25 49.0 63.0 77.0 64.5 52.0 55.333333333333336 58.666666666666664 62.0 64.0 45.0 62.0 38.0 67.0 68.57142857142857 70.14285714285714 71.71428571428571 73.28571428571429 74.85714285714286 76.42857142857143 78.0 70.0 64.75
59.5 54.25 49.0 64.0 79.0 65.5 52.0 54.666666666666664 57.333333333333336 60.0 64.0 49.0 62.0 64.5 67.0 64.66666666666667 62.333333333333336 60.0 64.5 69.0 73.5 78.0 70.0 64.75
59.5 54.25 49.0 64.0 79.0 64.5 50.0 53.333333333333336 56.666666666666664 60.0 63.0 49.0 59.0 63.0 67.0 64.66666666666667 62.333333333333336 60.0 64.25 68.5 72.75 77.0 70.0 64.75
59.0 53.5 48.0 63.5 79.0 64.5 50.0 53.333333333333336 56.666666666666664 60.0 63.0 49.0 59.0 63.0 67.0 64.66666666666667 62.333333333333336 60.0 64.25 68.5 72.75 77.0 70.0 64.5
59.0 53.5 48.0 63.5 79.0 64.5 50.0 53.333333333333336 56.666666666666664 60.0 63.0 49.0 59.0 64.5 70.0 66.66666666666667 63.333333333333336 60.0 64.25 68.5 72.75 77.0 70.0 64.5
58.0 53.0 48.0 59.5 71.0 60.5 50.0 53.0 56.0 59.0 63.0 48.0 59.0 64.5 70.0 62.0 54.0 63.0 66.5 70.0 73.5 77.0 68.0 63.0
58.0 53.0 48.0 59.5 71.0 70.0 52.0 54.333333333333336 56.666666666666664 59.0 65.0 48.0 64.0 67.0 70.0 62.0 54.0 63.0 66.0 69.0 72.0 75.0 68.0 63.0
58.0 53.0 48.0 59.5 71.0 70.0 52.0 54.333333333333336 56.666666666666664 59.0 65.0 48.0 64.0 67.0 70.0 62.0 54.0 63.0 66.0 69.0 72.0 75.0 68.0 63.0
60.0 56.0 52.0 61.5 71.0 70.0 52.0 54.333333333333336 56.666666666666664 59.0 65.0 48.0 64.0 65.0 66.0 60.0 54.0 63.0 66.0 69.0 72.0 75.0 68.0 64.0
60.0 56.0 52.0 57.0 62.0 70.0 52.0 59.666666666666664 67.33333333333333 75.0 65.0 51.0 64.0 65.0 66.0 70.66666666666667 75.33333333333333 80.0 78.75 77.5 76.25 75.0 68.0 64.0
60.0 56.0 52.0 57.0 62.0 75.0 52.0 59.666666666666664 67.33333333333333 75.0 65.0 51.0 63.0 64.5 66.0 70.66666666666667 75.33333333333333 80.0 79.5 79.0 78.5 78.0 68.0 64.0
60.0 56.0 52.0 57.0 62.0 75.0 53.0 60.333333333333336 67.66666666666667 75.0 73.0 51.0 63.0 64.5 66.0 70.66666666666667 75.33333333333333 80.0 79.5 79.0 78.5 78.0 68.0 64.0
60.0 56.0 52.0 60.5 69.0 75.0 53.0 62.0 71.0 80.0 73.0 51.0 63.0 63.5 64.0 69.33333333333333 74.66666666666667 80.0 79.5 79.0 78.5 78.0 68.0 64.0
61.5 56.75 52.0 60.5 69.0 73.0 53.0 62.0 71.0 80.0 73.0 56.0 63.0 63.5 64.0 68.0 72.0 76.0 76.5 77.0 77.5 78.0 71.0 66.25
61.5 56.75 52.0 60.5 69.0 73.0 54.0 62.666666666666664 71.33333333333333 80.0 74.0 56.0 67.0 65.5 64.0 68.0 72.0 76.0 75.75 75.5 75.25 75.0 71.0 66.25
63.0 59.0 55.0 62.0 69.0 73.0 54.0 62.666666666666664 71.33333333333333 80.0 74.0 56.0 67.0 57.0 47.0 56.666666666666664 66.33333333333333 76.0 75.75 75.5 75.25 75.0 71.0 67.0
63.0 59.0 55.0 63.0 71.0 73.0 54.0 62.666666666666664 71.33333333333333 80.0 74.0 62.0 67.0 57.0 47.0 57.666666666666664 68.33333333333333 79.0 78.0 77.0 76.0 75.0 71.0 67.0
63.0 59.0 55.0 63.0 71.0 73.0 54.0 59.0 64.0 69.0 74.0 62.0 68.0 57.5 47.0 57.666666666666664 68.33333333333333 79.0 78.0 77.0 76.0 75.0 71.0 67.0
59.5 53.75 48.0 59.5 71.0 74.0 55.0 61.0 67.0 73.0 79.0 62.0 68.0 57.5 47.0 57.666666666666664 68.33333333333333 79.0 77.75 76.5 75.25 74.0 71.0 65.25
59.5 53.75 48.0 58.0 68.0 74.0 55.0 61.0 67.0 73.0 79.0 62.0 68.0 58.0 48.0 58.333333333333336 68.66666666666667 79.0 77.75 76.5 75.25 74.0 71.0 65.25
58.5 53.25 48.0 58.0 68.0 74.0 55.0 61.0 67.0 73.0 79.0 61.0 68.0 58.0 48.0 57.333333333333336 66.66666666666667 76.0 75.5 75.0 74.5 74.0 69.0 63.75
58.5 53.25 48.0 58.0 68.0 75.0 55.0 56.2 57.4 58.6 59.8 61.0 70.0 59.0 48.0 57.333333333333336 66.66666666666667 76.0 75.5 75.0 74.5 74.0 69.0 63.75
58.5 53.25 48.0 58.0 68.0 75.0 55.0 56.2 57.4 58.6 59.8 61.0 70.0 59.0 48.0 57.333333333333336 66.66666666666667 76.0 75.75 75.5 75.25 75.0 69.0 63.75
57.5 51.75 46.0 57.0 68.0 75.0 55.0 56.2 57.4 58.6 59.8 61.0 70.0 59.0 48.0 57.333333333333336 66.66666666666667 76.0 75.75 75.5 75.25 75.0 69.0 63.25
57.0 51.5 46.0 55.5 65.0 75.0 55.0 57.0 59.0 61.0 63.0 65.0 70.0 59.0 48.0 55.666666666666664 63.333333333333336 71.0 72.0 73.0 74.0 75.0 68.0 62.5
57.0 51.5 46.0 55.5 65.0 77.0 55.0 57.0 59.0 61.0 63.0 65.0 68.0 58.0 48.0 55.666666666666664 63.333333333333336 71.0 72.0 73.0 74.0 75.0 68.0 62.5
57.0 51.5 46.0 55.5 65.0 77.0 57.0 58.6 60.2 61.8 63.4 65.0 68.0 58.0 48.0 55.666666666666664 63.333333333333336 71.0 71.25 71.5 71.75 72.0 68.0 62.5
55.0 48.5 42.0 53.5 65.0 77.0 57.0 58.6 60.2 61.8 63.4 65.0 68.0 54.5 41.0 51.0 61.0 71.0 71.25 71.5 71.75 72.0 68.0 61.5
55.0 48.5 42.0 52.5 63.0 77.0 57.0 58.4 59.8 61.2 62.6 64.0 68.0 54.5 41.0 45.42857142857143 49.85714285714286 54.285714285714285 58.714285714285715 63.142857142857146 67.57142857142857 72.0 68.0 61.5
55.0 48.5 42.0 52.5 63.0 78.0 56.0 57.6 59.2 60.8 62.4 64.0 69.0 55.0 41.0 45.42857142857143 49.85714285714286 54.285714285714285 58.714285714285715 63.142857142857146 67.57142857142857 72.0 68.0 61.5
51.5 43.25 35.0 49.0 63.0 78.0 56.0 57.6 59.2 60.8 62.4 64.0 69.0 55.0 41.0 45.857142857142854 50.714285714285715 55.57142857142857 60.42857142857143 65.28571428571428 70.14285714285714 75.0 68.0 59.75
51.5 43.25 35.0 48.0 61.0 78.0 56.0 57.6 59.2 60.8 62.4 64.0 69.0 57.5 46.0 50.142857142857146 54.285714285714285 58.42857142857143 62.57142857142857 66.71428571428572 70.85714285714286 75.0 68.0 59.75
52.0 43.5 35.0 48.0 61.0 78.0 56.0 57.8 59.6 61.4 63.2 65.0 69.0 57.5 46.0 57.333333333333336 68.66666666666667 80.0 78.75 77.5 76.25 75.0 69.0 60.5
52.0 43.5 35.0 48.0 61.0 79.0 53.0 55.4 57.8 60.2 62.6 65.0 72.0 59.0 46.0 57.333333333333336 68.66666666666667 80.0 78.5 77.0 75.5 74.0 69.0 60.5
60.0 55.5 51.0 56.0 61.0 79.0 53.0 55.4 57.8 60.2 62.6 65.0 72.0 61.0 50.0 60.0 70.0 80.0 78.5 77.0 75.5 74.0 69.0 64.5
60.0 55.5 51.0 56.0 61.0 79.0 53.0 55.0 57.0 59.0 61.0 63.0 72.0 61.0 50.0 53.42857142857143 56.857142857142854 60.285714285714285 63.714285714285715 67.14285714285714 70.57142857142857 74.0 69.0 64.5
60.0 55.5 51.0 56.0 61.0 79.0 59.0 59.8 60.6 61.4 62.2 63.0 69.0 59.5 50.0 53.42857142857143 56.857142857142854 60.285714285714285 63.714285714285715 67.14285714285714 70.57142857142857 74.0 69.0 64.5
60.0 55.5 51.0 56.0 61.0 79.0 59.0 59.8 60.6 61.4 62.2 63.0 69.0 59.5 50.0 53.285714285714285 56.57142857142857 59.85714285714286 63.14285714285714 66.42857142857143 69.71428571428572 73.0 69.0 64.5
56.5 50.25 44.0 52.5 61.0 79.0 59.0 59.8 60.6 61.4 62.2 63.0 69.0 59.0 49.0 52.42857142857143 55.857142857142854 59.285714285714285 62.714285714285715 66.14285714285714 69.57142857142857 73.0 69.0 62.75
56.0 50.0 44.0 53.5 63.0 79.0 59.0 59.6 60.2 60.8 61.4 62.0 69.0 59.0 49.0 59.333333333333336 69.66666666666667 80.0 78.25 76.5 74.75 73.0 68.0 62.0
56.0 50.0 44.0 53.5 63.0 61.0 59.0 59.6 60.2 60.8 61.4 62.0 67.0 58.0 49.0 59.333333333333336 69.66666666666667 80.0 78.25 76.5 74.75 73.0 68.0 62.0
56.0 50.0 44.0 53.5 63.0 61.0 59.0 59.6 60.2 60.8 61.4 62.0 67.0 58.0 49.0 59.333333333333336 69.66666666666667 80.0 78.75 77.5 76.25 75.0 68.0 62.0
58.0 53.0 48.0 55.5 63.0 61.0 59.0 59.6 60.2 60.8 61.4 62.0 67.0 59.0 51.0 60.666666666666664 70.33333333333333 80.0 78.75 77.5 76.25 75.0 68.0 63.0
58.0 53.0 48.0 59.0 70.0 64.5 59.0 59.8 60.6 61.4 62.2 63.0 67.0 59.0 51.0 54.42857142857143 57.857142857142854 61.285714285714285 64.71428571428571 68.14285714285714 71.57142857142857 75.0 68.0 63.0
58.0 53.0 48.0 59.0 70.0 64.5 59.0 59.8 60.6 61.4 62.2 63.0 67.0 59.0 51.0 54.42857142857143 57.857142857142854 61.285714285714285 64.71428571428571 68.14285714285714 71.57142857142857 75.0 68.0 63.0
58.0 53.0 48.0 59.0 70.0 64.5 59.0 59.8 60.6 61.4 62.2 63.0 67.0 59.0 51.0 54.42857142857143 57.857142857142854 61.285714285714285 64.71428571428571 68.14285714285714 71.57142857142857 75.0 68.0 63.0
58.5 53.75 49.0 60.0 71.0 65.0 59.0 59.8 60.6 61.4 62.2 63.0 67.0 63.0 59.0 61.285714285714285 63.57142857142857 65.85714285714286 68.14285714285714 70.42857142857143 72.71428571428571 75.0 68.0 63.25
59.5 54.25 49.0 60.0 71.0 65.0 59.0 60.4 61.8 63.2 64.6 66.0 67.0 63.0 59.0 65.0 71.0 77.0 76.5 76.0 75.5 75.0 70.0 64.75
59.5 54.25 49.0 60.0 71.0 64.5 58.0 59.6 61.2 62.8 64.4 66.0 68.0 63.5 59.0 65.0 71.0 77.0 76.25 75.5 74.75 74.0 70.0 64.75
61.5 57.25 53.0 77.0 71.0 64.5 58.0 59.6 61.2 62.8 64.4 66.0 68.0 64.5 61.0 66.33333333333333 71.66666666666667 77.0 76.25 75.5 74.75 74.0 70.0 65.75
61.5 57.25 53.0 77.0 70.0 64.0 58.0 58.2 58.4 58.6 58.8 59.0 68.0 64.5 61.0 65.66666666666667 70.33333333333333 75.0 74.75 74.5 74.25 74.0 70.0 65.75
61.5 57.25 53.0 77.0 70.0 65.0 60.0 59.8 59.6 59.4 59.2 59.0 70.0 65.5 61.0 65.66666666666667 70.33333333333333 75.0 74.75 74.5 74.25 74.0 70.0 65.75
61.5 57.25 53.0 61.5 70.0 65.0 60.0 59.8 59.6 59.4 59.2 59.0 70.0 65.5 61.0 65.66666666666667 70.33333333333333 75.0 74.75 74.5 74.25 74.0 70.0 65.75
60.0 55.0 50.0 59.0 68.0 64.0 60.0 59.8 59.6 59.4 59.2 59.0 70.0 66.0 62.0 66.33333333333333 70.66666666666667 75.0 74.75 74.5 74.25 74.0 70.0 65.0
60.5 55.25 50.0 59.0 68.0 64.0 60.0 59.8 59.6 59.4 59.2 59.0 70.0 31.0 62.0 67.0 72.0 77.0 76.25 75.5 74.75 74.0 71.0 65.75
60.5 55.25 50.0 59.0 68.0 63.5 59.0 59.0 59.0 59.0 59.0 59.0 70.0 31.0 62.0 67.0 72.0 77.0 76.25 75.5 74.75 74.0 71.0 65.75
60.5 55.25 50.0 59.0 68.0 63.5 59.0 59.0 59.0 59.0 59.0 59.0 70.0 31.0 62.0 67.0 72.0 77.0 76.25 75.5 74.75 74.0 71.0 65.75
58.5 52.25 46.0 57.0 68.0 63.5 59.0 59.0 59.0 59.0 59.0 59.0 70.0 31.0 64.0 68.33333333333333 72.66666666666667 77.0 76.25 75.5 74.75 74.0 71.0 64.75
58.0 52.0 46.0 57.5 69.0 64.0 59.0 58.2 57.4 56.6 55.8 55.0 70.0 34.0 64.0 66.66666666666667 69.33333333333333 72.0 72.5 73.0 73.5 74.0 70.0 64.0
58.0 52.0 46.0 57.5 69.0 77.0 59.0 58.2 57.4 56.6 55.8 55.0 67.0 34.0 64.0 66.66666666666667 69.33333333333333 72.0 72.5 73.0 73.5 74.0 70.0 64.0
58.0 52.0 46.0 57.5 69.0 77.0 56.0 55.8 55.6 55.4 55.2 55.0 67.0 34.0 64.0 66.66666666666667 69.33333333333333 72.0 72.75 73.5 74.25 75.0 70.0 64.0
61.5 57.25 53.0 61.0 69.0 77.0 56.0 55.8 55.6 55.4 55.2 55.0 67.0 34.0 54.0 60.0 66.0 72.0 72.75 73.5 74.25 75.0 70.0 65.75
60.5 56.75 53.0 61.0 69.0 77.0 56.0 55.8 55.6 55.4 55.2 55.0 67.0 32.0 54.0 60.333333333333336 66.66666666666667 73.0 73.5 74.0 74.5 75.0 68.0 64.25
60.5 56.75 53.0 53.5 54.0 54.5 55.0 60.0 65.0 70.0 75.0 55.0 67.0 32.0 54.0 60.333333333333336 66.66666666666667 73.0 80.0 78.33333333333333 76.66666666666667 75.0 68.0 64.25
58.5 53.75 49.0 50.5 52.0 53.5 55.0 60.0 65.0 70.0 75.0 55.0 67.0 32.0 54.0 60.333333333333336 66.66666666666667 73.0 80.0 77.33333333333333 74.66666666666667 72.0 68.0 63.25
59.0 54.0 49.0 60.0 71.0 63.0 55.0 61.333333333333336 67.66666666666667 74.0 75.0 51.0 67.0 32.0 58.0 63.333333333333336 68.66666666666667 74.0 80.0 77.33333333333333 74.66666666666667 72.0 69.0 64.0
59.0 54.0 49.0 60.0 71.0 63.0 55.0 61.333333333333336 67.66666666666667 74.0 75.0 51.0 63.0 32.0 58.0 63.333333333333336 68.66666666666667 74.0 73.5 73.0 72.5 72.0 69.0 64.0
59.0 54.0 49.0 60.0 71.0 63.0 55.0 61.333333333333336 67.66666666666667 74.0 79.0 51.0 63.0 32.0 58.0 63.333333333333336 68.66666666666667 74.0 74.25 74.5 74.75 75.0 69.0 64.0
59.0 54.0 49.0 60.0 71.0 63.0 55.0 61.333333333333336 67.66666666666667 74.0 79.0 51.0 63.0 32.0 61.0 65.33333333333333 69.66666666666667 74.0 74.25 74.5 74.75 75.0 69.0 64.0
58.5 54.25 50.0 51.25 52.5 53.75 55.0 62.333333333333336 69.66666666666667 77.0 79.0 49.0 63.0 62.0 61.0 66.66666666666667 72.33333333333333 78.0 77.25 76.5 75.75 75.0 67.0 62.75
58.5 54.25 50.0 51.5 53.0 54.5 56.0 63.0 70.0 77.0 72.0 49.0 66.0 63.5 61.0 66.66666666666667 72.33333333333333 78.0 77.25 76.5 75.75 75.0 67.0 62.75
58.5 54.25 50.0 51.5 53.0 54.5 56.0 63.0 70.0 77.0 72.0 49.0 66.0 63.5 61.0 66.66666666666667 72.33333333333333 78.0 76.5 75.0 73.5 72.0 67.0 62.75
64.25 62.875 61.5 60.125 58.75 57.375 56.0 63.0 70.0 77.0 72.0 49.0 66.0 62.0 58.0 64.66666666666667 71.33333333333333 78.0 76.5 75.0 73.5 72.0 67.0 65.625
71.66666666666667 73.5 75.33333333333333 77.16666666666667 79.0 67.5 56.0 63.0 70.0 77.0 72.0 49.0 66.0 38.0 58.0 62.666666666666664 67.33333333333333 72.0 72.0 72.0 72.0 72.0 68.0 69.83333333333333
71.66666666666667 73.5 75.33333333333333 77.16666666666667 79.0 65.0 51.0 59.666666666666664 68.33333333333333 77.0 70.0 49.0 59.0 38.0 58.0 62.666666666666664 67.33333333333333 72.0 72.0 72.0 72.0 72.0 68.0 69.83333333333333
71.66666666666667 73.5 75.33333333333333 77.16666666666667 79.0 65.0 51.0 59.666666666666664 68.33333333333333 77.0 70.0 49.0 59.0 38.0 58.0 62.666666666666664 67.33333333333333 72.0 72.25 72.5 72.75 73.0 68.0 69.83333333333333
71.66666666666667 73.5 75.33333333333333 77.16666666666667 79.0 65.0 51.0 59.666666666666664 68.33333333333333 77.0 70.0 49.0 59.0 38.0 70.0 70.66666666666667 71.33333333333333 72.0 72.25 72.5 72.75 73.0 68.0 69.83333333333333
63.0 60.5 58.0 56.25 54.5 52.75 51.0 55.75 60.5 65.25 70.0 45.0 59.0 34.0 70.0 72.66666666666667 75.33333333333333 78.0 76.75 75.5 74.25 73.0 68.0 65.5
63.0 60.5 58.0 56.25 54.5 52.75 51.0 54.25 57.5 60.75 64.0 45.0 58.0 34.0 70.0 72.66666666666667 75.33333333333333 78.0 76.75 75.5 74.25 73.0 68.0 65.5
63.0 60.5 58.0 56.75 55.5 54.25 53.0 55.75 58.5 61.25 64.0 45.0 58.0 34.0 70.0 72.66666666666667 75.33333333333333 78.0 77.75 77.5 77.25 77.0 68.0 65.5
61.5 58.25 55.0 54.5 54.0 53.5 53.0 59.333333333333336 65.66666666666667 72.0 64.0 45.0 58.0 34.0 71.0 73.33333333333333 75.66666666666667 78.0 77.75 77.5 77.25 77.0 68.0 64.75
63.5 59.25 55.0 54.5 54.0 53.5 53.0 59.333333333333336 65.66666666666667 72.0 64.0 41.0 58.0 39.0 71.0 71.85714285714286 72.71428571428571 73.57142857142857 74.42857142857143 75.28571428571429 76.14285714285714 77.0 72.0 67.75
63.5 59.25 55.0 55.0 55.0 55.0 55.0 60.666666666666664 66.33333333333333 72.0 64.0 41.0 58.0 39.0 71.0 71.85714285714286 72.71428571428571 73.57142857142857 74.42857142857143 75.28571428571429 76.14285714285714 77.0 72.0 67.75
63.5 59.25 55.0 55.0 55.0 55.0 55.0 60.666666666666664 66.33333333333333 72.0 64.0 41.0 58.0 39.0 76.0 75.5 75.0 74.5 74.0 73.5 73.0 72.5 72.0 67.75
70.5 68.25 66.0 63.25 60.5 57.75 55.0 59.0 63.0 67.0 64.0 40.0 58.0 42.0 76.0 75.875 75.75 75.625 75.5 75.375 75.25 75.125 75.0 72.75
70.5 68.25 66.0 63.75 61.5 59.25 57.0 60.333333333333336 63.666666666666664 67.0 63.0 40.0 65.0 42.0 76.0 75.875 75.75 75.625 75.5 75.375 75.25 75.125 75.0 72.75
70.5 68.25 66.0 63.75 61.5 59.25 57.0 60.333333333333336 63.666666666666664 67.0 63.0 40.0 65.0 42.0 76.0 75.875 75.75 75.625 75.5 75.375 75.25 75.125 75.0 72.75
70.5 68.25 66.0 63.75 61.5 59.25 57.0 60.333333333333336 63.666666666666664 67.0 63.0 40.0 65.0 42.0 45.666666666666664 49.333333333333336 53.0 56.666666666666664 60.33333333333333 64.0 67.66666666666666 71.33333333333333 75.0 72.75
76.0 74.0 72.0 68.25 64.5 60.75 57.0 61.333333333333336 65.66666666666667 70.0 63.0 37.0 65.0 54.0 56.888888888888886 59.77777777777778 62.666666666666664 65.55555555555556 68.44444444444444 71.33333333333333 74.22222222222223 77.11111111111111 80.0 78.0
76.0 74.0 72.0 69.25 66.5 63.75 61.0 64.0 67.0 70.0 59.0 37.0 75.0 54.0 56.888888888888886 59.77777777777778 62.666666666666664 65.55555555555556 68.44444444444444 71.33333333333333 74.22222222222223 77.11111111111111 80.0 78.0
76.0 74.0 72.0 69.25 66.5 63.75 61.0 64.0 67.0 70.0 59.0 37.0 75.0 54.0 56.888888888888886 59.77777777777778 62.666666666666664 65.55555555555556 68.44444444444444 71.33333333333333 74.22222222222223 77.11111111111111 80.0 78.0
76.0 74.0 72.0 69.25 66.5 63.75 61.0 64.0 67.0 70.0 59.0 37.0 75.0 54.0 56.888888888888886 59.77777777777778 62.666666666666664 65.55555555555556 68.44444444444444 71.33333333333333 74.22222222222223 77.11111111111111 80.0 78.0
69.3076923076923 70.15384615384616 71.0 68.5 66.0 63.5 61.0 63.333333333333336 65.66666666666667 68.0 59.0 40.0 75.0 60.0 60.84615384615385 61.69230769230769 62.53846153846154 63.38461538461539 64.23076923076923 65.07692307692308 65.92307692307692 66.76923076923077 67.61538461538461 68.46153846153847
69.3076923076923 70.15384615384616 71.0 68.5 66.0 63.5 61.0 63.333333333333336 65.66666666666667 68.0 57.0 40.0 77.0 60.0 60.84615384615385 61.69230769230769 62.53846153846154 63.38461538461539 64.23076923076923 65.07692307692308 65.92307692307692 66.76923076923077 67.61538461538461 68.46153846153847
69.3076923076923 70.15384615384616 71.0 70.25 69.5 68.75 68.0 68.0 68.0 68.0 57.0 40.0 77.0 60.0 60.84615384615385 61.69230769230769 62.53846153846154 63.38461538461539 64.23076923076923 65.07692307692308 65.92307692307692 66.76923076923077 67.61538461538461 68.46153846153847
69.3076923076923 70.15384615384616 71.0 70.25 69.5 68.75 68.0 68.0 68.0 68.0 57.0 40.0 77.0 60.0 60.84615384615385 61.69230769230769 62.53846153846154 63.38461538461539 64.23076923076923 65.07692307692308 65.92307692307692 66.76923076923077 67.61538461538461 68.46153846153847
67.29411764705883 67.41176470588235 67.52941176470588 67.6470588235294 67.76470588235294 67.88235294117646 68.0 67.33333333333333 66.66666666666667 66.0 57.0 33.0 77.0 66.0 66.11764705882354 66.23529411764706 66.3529411764706 66.47058823529412 66.58823529411765 66.70588235294117 66.82352941176471 66.94117647058823 67.05882352941177 67.17647058823529
66.6470588235294 66.70588235294117 66.76470588235294 66.82352941176471 66.88235294117646 66.94117647058823 67.0 66.66666666666667 66.33333333333333 66.0 56.0 33.0 49.5 66.0 66.05882352941177 66.11764705882354 66.17647058823529 66.23529411764706 66.29411764705883 66.3529411764706 66.41176470588235 66.47058823529412 66.52941176470588 66.58823529411765
66.6470588235294 66.70588235294117 66.76470588235294 66.82352941176471 66.88235294117646 66.94117647058823 67.0 66.66666666666667 66.33333333333333 66.0 56.0 33.0 49.5 66.0 66.05882352941177 66.11764705882354 66.17647058823529 66.23529411764706 66.29411764705883 66.3529411764706 66.41176470588235 66.47058823529412 66.52941176470588 66.58823529411765
72.44444444444444 73.22222222222223 74.0 72.25 70.5 68.75 67.0 64.25 61.5 58.75 56.0 58.0 60.0 62.0 63.25 64.5 65.75 67.0 67.77777777777777 68.55555555555556 69.33333333333333 70.11111111111111 70.88888888888889 71.66666666666667
72.44444444444444 73.22222222222223 74.0 72.25 70.5 68.75 67.0 64.25 61.5 58.75 56.0 58.0 60.0 62.0 63.25 64.5 65.75 67.0 67.77777777777777 68.55555555555556 69.33333333333333 70.11111111111111 70.88888888888889 71.66666666666667
72.44444444444444 73.22222222222223 74.0 68.75 63.5 58.25 53.0 47.75 42.5 37.25 32.0 42.0 52.0 62.0 63.25 64.5 65.75 67.0 67.77777777777777 68.55555555555556 69.33333333333333 70.11111111111111 70.88888888888889 71.66666666666667
73.6 73.8 74.0 68.75 63.5 58.25 53.0 47.75 42.5 37.25 32.0 42.0 52.0 62.0 63.25 64.5 65.75 67.0 68.5 70.0 71.5 73.0 73.2 73.4
