63.333333333333336 58.77777777777778 54.22222222222222 49.66666666666667 45.111111111111114 40.55555555555556 36.0 39.5 43.0 46.5 50.0 53.333333333333336 56.666666666666664 60.0 62.125 64.25 66.375 68.5 70.625 72.75 74.875 77.0 72.44444444444444 67.88888888888889
66.0 61.0 56.0 51.0 46.0 41.0 36.0 39.5 43.0 46.5 50.0 53.333333333333336 56.666666666666664 60.0 62.125 64.25 66.375 68.5 70.625 72.75 74.875 77.0 76.0 71.0
66.0 61.0 56.0 51.0 46.0 41.0 36.0 41.2 46.4 51.6 56.8 62.0 61.0 60.0 62.25 64.5 66.75 69.0 71.25 73.5 75.75 78.0 76.0 71.0
66.0 61.0 56.0 51.0 46.0 41.0 36.0 41.2 46.4 51.6 56.8 62.0 72.0 35.0 40.375 45.75 51.125 56.5 61.875 67.25 72.625 78.0 76.0 71.0
66.0 61.0 56.0 51.0 46.0 41.0 36.0 41.2 46.4 51.6 56.8 62.0 72.0 35.0 75.0 76.0 77.0 78.0 79.0 78.66666666666667 78.33333333333333 78.0 76.0 71.0
67.25 64.375 61.5 58.625 55.75 52.875 50.0 52.4 54.8 57.2 59.6 62.0 72.0 35.0 75.0 76.0 77.0 78.0 79.0 78.66666666666667 78.33333333333333 78.0 73.0 70.125
67.25 64.375 61.5 58.625 55.75 52.875 50.0 58.333333333333336 66.66666666666667 75.0 75.0 54.0 72.0 35.0 75.0 76.0 77.0 78.0 79.0 77.33333333333333 75.66666666666667 74.0 73.0 70.125
67.25 64.375 61.5 58.625 55.75 52.875 50.0 58.333333333333336 66.66666666666667 75.0 75.0 54.0 69.0 72.0 75.0 76.0 77.0 78.0 79.0 77.33333333333333 75.66666666666667 74.0 73.0 70.125
71.66666666666667 71.0 70.33333333333333 69.66666666666667 69.0 59.5 50.0 58.333333333333336 66.66666666666667 75.0 75.0 54.0 69.0 59.0 49.0 56.25 63.5 70.75 78.0 76.66666666666667 75.33333333333333 74.0 73.0 72.33333333333333
74.0 76.0 78.0 80.0 69.0 60.0 51.0 59.0 67.0 75.0 64.5 54.0 69.0 59.0 49.0 56.25 63.5 70.75 78.0 76.66666666666667 75.33333333333333 74.0 70.0 72.0
74.0 76.0 78.0 80.0 69.0 60.0 51.0 55.2 59.4 63.6 67.8 72.0 69.0 59.0 49.0 56.25 63.5 70.75 78.0 76.66666666666667 75.33333333333333 74.0 70.0 72.0
74.0 76.0 78.0 80.0 69.0 60.0 51.0 55.2 59.4 63.6 67.8 72.0 69.0 59.0 49.0 56.25 63.5 70.75 78.0 76.66666666666667 75.33333333333333 74.0 70.0 72.0
72.8 74.2 75.6 77.0 69.0 59.5 50.0 54.4 58.8 63.2 67.6 72.0 69.0 65.5 62.0 65.75 69.5 73.25 77.0 76.0 75.0 74.0 70.0 71.4
72.2 73.8 75.4 77.0 69.0 59.5 50.0 56.5 63.0 69.5 76.0 63.0 69.0 65.5 62.0 65.75 69.5 73.25 77.0 76.0 75.0 74.0 69.0 70.6
72.2 73.8 75.4 77.0 69.0 59.5 50.0 56.5 63.0 69.5 76.0 63.0 62.0 37.0 62.0 65.75 69.5 73.25 77.0 76.0 75.0 74.0 69.0 70.6
65.25 63.375 61.5 59.625 57.75 55.875 54.0 59.5 65.0 70.5 76.0 63.0 62.0 37.0 70.0 72.0 74.0 76.0 78.0 76.66666666666667 75.33333333333333 74.0 69.0 67.125
70.5 67.75 65.0 62.25 59.5 56.75 54.0 66.0 78.0 77.0 76.0 63.0 62.0 37.0 70.0 72.0 74.0 76.0 78.0 76.66666666666667 75.33333333333333 74.0 76.0 73.25
70.5 67.75 65.0 62.25 59.5 56.75 54.0 66.0 78.0 67.0 56.0 47.0 62.0 37.0 70.0 72.0 74.0 76.0 78.0 77.5 77.0 76.5 76.0 73.25
70.5 67.75 65.0 62.25 59.5 56.75 54.0 66.0 78.0 67.0 56.0 65.0 74.0 56.0 70.0 72.0 74.0 76.0 78.0 77.5 77.0 76.5 76.0 73.25
76.4 76.6 76.8 77.0 77.2 77.4 77.6 77.8 78.0 67.0 56.0 65.0 74.0 56.0 58.22222222222222 60.44444444444444 62.666666666666664 64.88888888888889 67.11111111111111 69.33333333333333 71.55555555555556 73.77777777777777 76.0 76.2
