79.4 79.2 79.0 76.25 73.5 70.75 68.0 40.0 47.2 54.4 61.6 68.8 76.0 74.0 74.75 75.5 76.25 77.0 77.75 78.5 79.25 80.0 79.8 79.6
78.23076923076923 78.61538461538461 79.0 76.25 73.5 70.75 68.0 40.0 47.666666666666664 55.333333333333336 63.0 54.0 76.0 74.0 74.38461538461539 74.76923076923077 75.15384615384616 75.53846153846153 75.92307692307692 76.3076923076923 76.6923076923077 77.07692307692308 77.46153846153847 77.84615384615384
77.46153846153847 78.23076923076923 79.0 76.25 73.5 70.75 68.0 40.0 47.666666666666664 55.333333333333336 63.0 54.0 76.0 69.0 69.76923076923077 70.53846153846153 71.3076923076923 72.07692307692308 72.84615384615384 73.61538461538461 74.38461538461539 75.15384615384616 75.92307692307692 76.6923076923077
77.46153846153847 78.23076923076923 79.0 76.25 73.5 70.75 68.0 40.0 55.0 70.0 63.0 54.0 73.0 69.0 69.76923076923077 70.53846153846153 71.3076923076923 72.07692307692308 72.84615384615384 73.61538461538461 74.38461538461539 75.15384615384616 75.92307692307692 76.6923076923077
70.6923076923077 70.84615384615384 71.0 67.75 64.5 61.25 58.0 40.0 55.0 70.0 63.0 54.0 73.0 69.0 69.15384615384616 69.3076923076923 69.46153846153847 69.61538461538461 69.76923076923077 69.92307692307692 70.07692307692308 70.23076923076923 70.38461538461539 70.53846153846153
73.8 72.4 71.0 67.75 64.5 61.25 58.0 36.0 53.0 70.0 68.0 44.0 73.0 69.0 70.125 71.25 72.375 73.5 74.625 75.75 76.875 78.0 76.6 75.2
70.0 70.5 71.0 67.75 64.5 61.25 58.0 36.0 53.0 70.0 68.0 44.0 73.0 68.0 68.0 69.42857142857143 70.85714285714286 72.28571428571429 73.71428571428571 75.14285714285714 76.57142857142857 78.0 69.0 69.5
68.5 68.25 68.0 64.75 61.5 58.25 55.0 36.0 57.5 79.0 68.0 44.0 58.0 68.0 68.0 70.25 72.5 74.75 77.0 77.33333333333333 77.66666666666667 78.0 69.0 68.75
68.5 68.25 68.0 64.75 61.5 58.25 55.0 36.0 57.5 79.0 68.0 44.0 58.0 68.0 68.0 70.25 72.5 74.75 77.0 77.33333333333333 77.66666666666667 78.0 69.0 68.75
68.5 68.25 68.0 66.5 65.0 60.0 55.0 36.0 57.5 79.0 72.0 48.0 58.0 68.0 68.0 70.25 72.5 74.75 77.0 75.66666666666667 74.33333333333333 73.0 69.0 68.75
67.0 67.5 68.0 66.5 65.0 60.0 55.0 36.0 56.5 77.0 72.0 48.0 58.0 64.0 58.0 62.75 67.5 72.25 77.0 75.66666666666667 74.33333333333333 73.0 66.0 66.5
67.0 67.5 68.0 66.5 65.0 60.0 55.0 36.0 56.5 77.0 72.0 48.0 62.0 64.0 58.0 63.0 68.0 73.0 78.0 76.33333333333333 74.66666666666667 73.0 66.0 66.5
64.5 63.75 63.0 64.0 65.0 60.0 55.0 34.0 55.5 77.0 72.0 48.0 62.0 64.0 58.0 63.0 68.0 73.0 78.0 76.33333333333333 74.66666666666667 73.0 66.0 65.25
64.5 63.75 63.0 64.0 65.0 60.0 55.0 34.0 55.5 77.0 71.0 65.0 62.0 64.0 58.0 63.0 68.0 73.0 78.0 76.33333333333333 74.66666666666667 73.0 66.0 65.25
64.5 63.75 63.0 65.5 68.0 61.5 55.0 34.0 39.6 45.2 50.8 56.4 62.0 67.0 45.0 53.25 61.5 69.75 78.0 76.33333333333333 74.66666666666667 73.0 66.0 65.25
64.5 63.75 63.0 79.0 68.0 62.5 57.0 34.0 40.8 47.6 54.4 61.2 68.0 67.0 45.0 53.0 61.0 69.0 77.0 75.66666666666667 74.33333333333333 73.0 66.0 65.25
70.5 72.75 75.0 79.0 68.0 62.5 57.0 35.0 41.6 48.2 54.8 61.4 68.0 67.0 45.0 60.0 75.0 76.0 77.0 75.66666666666667 74.33333333333333 73.0 66.0 68.25
70.5 72.75 75.0 79.0 68.0 62.5 57.0 35.0 50.0 65.0 80.0 74.0 68.0 67.0 45.0 60.0 75.0 76.0 77.0 76.0 75.0 74.0 66.0 68.25
72.0 73.5 75.0 79.0 70.0 63.5 57.0 35.0 50.0 65.0 80.0 55.0 68.0 72.0 46.0 60.5 75.0 76.0 77.0 76.0 75.0 74.0 69.0 70.5
71.5 72.75 74.0 74.0 70.0 62.5 55.0 42.0 54.666666666666664 67.33333333333333 80.0 55.0 69.0 72.0 46.0 65.0 75.0 76.5 78.0 76.66666666666667 75.33333333333333 74.0 69.0 70.25
71.5 72.75 74.0 74.0 70.0 62.5 55.0 42.0 45.25 48.5 51.75 55.0 69.0 72.0 46.0 65.0 72.0 75.0 78.0 76.66666666666667 75.33333333333333 74.0 69.0 70.25
71.0 72.5 74.0 74.0 69.0 62.0 55.0 42.0 48.5 55.0 61.5 68.0 69.0 74.0 47.0 65.0 72.0 75.0 78.0 76.66666666666667 75.33333333333333 74.0 68.0 69.5
70.5 71.75 73.0 71.0 69.0 63.5 58.0 42.0 48.5 55.0 61.5 68.0 70.0 74.0 47.0 77.0 72.0 75.5 79.0 77.33333333333333 75.66666666666667 74.0 68.0 69.25
70.5 71.75 73.0 71.0 69.0 63.5 58.0 38.0 45.5 53.0 60.5 68.0 70.0 74.0 47.0 77.0 73.0 76.0 79.0 77.33333333333333 75.66666666666667 74.0 68.0 69.25
70.5 71.75 73.0 69.0 65.0 61.5 58.0 38.0 45.5 53.0 60.5 68.0 70.0 74.0 47.0 77.0 73.0 76.0 79.0 77.66666666666667 76.33333333333333 75.0 68.0 69.25
69.5 71.25 73.0 69.0 65.0 61.5 58.0 38.0 46.25 54.5 62.75 71.0 70.0 67.0 38.0 77.0 73.0 76.0 79.0 77.66666666666667 76.33333333333333 75.0 66.0 67.75
69.5 71.25 73.0 77.0 65.0 61.0 57.0 38.0 46.25 54.5 62.75 71.0 71.0 54.5 38.0 77.0 73.0 74.0 75.0 75.0 75.0 75.0 66.0 67.75
66.0 66.0 66.0 77.0 65.0 79.0 57.0 35.0 44.0 53.0 62.0 71.0 71.0 54.5 38.0 77.0 74.0 74.5 75.0 75.0 75.0 75.0 66.0 66.0
66.0 66.0 66.0 77.0 70.0 79.0 57.0 35.0 44.0 53.0 62.0 71.0 71.0 54.5 38.0 77.0 74.0 74.5 75.0 74.66666666666667 74.33333333333333 74.0 66.0 66.0
66.0 66.0 66.0 77.0 70.0 79.0 57.0 35.0 57.0 79.0 75.5 72.0 71.0 52.5 34.0 77.0 74.0 74.5 75.0 74.66666666666667 74.33333333333333 74.0 66.0 66.0
66.0 66.0 66.0 68.0 70.0 79.0 52.0 35.0 57.0 79.0 75.5 72.0 71.0 72.0 34.0 54.0 74.0 77.0 80.0 78.0 76.0 74.0 66.0 66.0
64.5 63.75 63.0 66.5 70.0 78.0 52.0 40.0 59.5 79.0 75.5 72.0 64.0 72.0 34.0 54.5 75.0 77.5 80.0 78.0 76.0 74.0 66.0 65.25
64.5 63.75 63.0 66.5 70.0 78.0 52.0 40.0 59.5 79.0 75.0 72.0 64.0 72.0 34.0 54.5 75.0 77.5 80.0 78.0 76.0 74.0 66.0 65.25
65.5 64.25 63.0 66.0 69.0 78.0 52.0 40.0 57.0 74.0 75.0 65.0 64.0 72.0 49.0 62.0 75.0 77.5 80.0 78.66666666666667 77.33333333333333 76.0 68.0 66.75
65.5 64.25 63.0 66.0 69.0 78.0 52.0 40.0 57.0 74.0 75.0 65.0 64.0 70.0 49.0 62.0 75.0 77.5 80.0 78.66666666666667 77.33333333333333 76.0 68.0 66.75
66.0 65.0 64.0 66.5 69.0 59.5 50.0 32.0 80.0 74.0 65.0 65.0 63.0 70.0 49.0 58.5 68.0 74.0 80.0 78.66666666666667 77.33333333333333 76.0 68.0 67.0
66.0 65.0 64.0 66.0 68.0 59.0 50.0 32.0 80.0 74.0 65.0 65.0 63.0 70.0 49.0 58.5 68.0 74.0 80.0 78.66666666666667 77.33333333333333 76.0 68.0 67.0
67.0 65.5 64.0 66.0 68.0 59.0 50.0 32.0 80.0 72.0 65.0 53.0 63.0 57.0 57.0 62.5 68.0 74.0 80.0 79.0 78.0 77.0 70.0 68.5
66.5 64.75 63.0 65.5 68.0 60.0 52.0 32.0 52.0 72.0 65.0 53.0 59.0 57.0 57.0 62.75 68.5 74.25 80.0 79.0 78.0 77.0 70.0 68.25
66.5 64.75 63.0 65.5 68.0 60.0 52.0 39.0 55.5 72.0 68.0 53.0 59.0 57.0 57.0 62.75 68.5 74.25 80.0 79.0 78.0 77.0 70.0 68.25
66.5 64.75 63.0 63.0 63.0 57.5 52.0 39.0 55.5 72.0 68.0 49.0 59.0 65.0 76.0 77.0 78.0 79.0 80.0 79.33333333333333 78.66666666666667 78.0 70.0 68.25
66.5 64.75 63.0 63.0 63.0 64.0 65.0 39.0 55.0 71.0 68.0 49.0 59.0 65.0 76.0 76.28571428571429 76.57142857142857 76.85714285714286 77.14285714285714 77.42857142857143 77.71428571428571 78.0 70.0 68.25
73.5 75.25 77.0 70.0 63.0 64.0 65.0 38.0 54.5 71.0 68.0 49.0 65.0 65.0 76.0 76.28571428571429 76.57142857142857 76.85714285714286 77.14285714285714 77.42857142857143 77.71428571428571 78.0 70.0 71.75
73.5 75.25 77.0 75.5 74.0 69.5 65.0 38.0 54.5 71.0 68.0 49.0 65.0 65.0 76.0 76.28571428571429 76.57142857142857 76.85714285714286 77.14285714285714 77.42857142857143 77.71428571428571 78.0 70.0 71.75
76.0 76.5 77.0 75.5 74.0 69.5 65.0 38.0 48.0 58.0 68.0 48.0 65.0 67.0 68.625 70.25 71.875 73.5 75.125 76.75 78.375 80.0 75.0 75.5
76.0 76.5 77.0 75.5 74.0 62.0 50.0 38.0 48.0 58.0 68.0 48.0 65.0 67.0 68.625 70.25 71.875 73.5 75.125 76.75 78.375 80.0 75.0 75.5
74.66666666666667 74.5 74.33333333333333 74.16666666666667 74.0 73.0 72.0 71.0 70.0 69.0 68.0 48.0 57.5 67.0 68.625 70.25 71.875 73.5 75.125 76.75 78.375 80.0 75.0 74.83333333333333
76.33333333333333 77.0 77.66666666666667 78.33333333333333 79.0 78.83333333333333 78.66666666666667 78.5 78.33333333333333 78.16666666666667 78.0 48.0 57.5 67.0 68.625 70.25 71.875 73.5 75.125 76.75 78.375 80.0 75.0 75.66666666666667
64.76923076923077 65.38461538461539 66.0 72.5 79.0 78.83333333333333 78.66666666666667 78.5 78.33333333333333 78.16666666666667 78.0 71.33333333333333 64.66666666666667 58.0 58.61538461538461 59.23076923076923 59.84615384615385 60.46153846153846 61.07692307692308 61.69230769230769 62.30769230769231 62.92307692307692 63.53846153846154 64.15384615384616
