44.9 45.8 46.7 47.6 48.5 49.4 50.3 51.2 52.1 53.0 60.0 43.0 57.0 35.0 35.9 36.8 37.7 38.6 39.5 40.4 41.3 42.2 43.1 44.0
44.9 45.8 46.7 47.6 48.5 49.4 50.3 51.2 52.1 53.0 60.0 43.0 57.0 35.0 35.9 36.8 37.7 38.6 39.5 40.4 41.3 42.2 43.1 44.0
44.45 45.4 46.35 47.3 48.25 49.2 50.15 51.099999999999994 52.05 53.0 60.0 43.0 57.0 34.0 34.95 35.9 36.85 37.8 38.75 39.7 40.65 41.6 42.55 43.5
44.45 45.4 46.35 47.3 48.25 49.2 50.15 51.099999999999994 52.05 53.0 60.0 41.0 58.0 34.0 34.95 35.9 36.85 37.8 38.75 39.7 40.65 41.6 42.55 43.5
46.1 47.2 48.3 49.400000000000006 50.5 51.6 52.7 53.8 54.900000000000006 56.0 57.0 41.0 58.0 34.0 35.1 36.2 37.3 38.4 39.5 40.6 41.7 42.8 43.9 45.0
46.1 47.2 48.3 49.400000000000006 50.5 51.6 52.7 53.8 54.900000000000006 56.0 57.0 41.0 58.0 34.0 35.1 36.2 37.3 38.4 39.5 40.6 41.7 42.8 43.9 45.0
46.1 47.2 48.3 49.400000000000006 50.5 51.6 52.7 53.8 54.900000000000006 56.0 57.0 43.0 60.0 34.0 35.1 36.2 37.3 38.4 39.5 40.6 41.7 42.8 43.9 45.0
46.1 47.2 48.3 49.400000000000006 50.5 51.6 52.7 53.8 54.900000000000006 56.0 58.0 43.0 60.0 34.0 35.1 36.2 37.3 38.4 39.5 40.6 41.7 42.8 43.9 45.0
46.1 47.2 48.3 49.400000000000006 50.5 51.6 52.7 53.8 54.900000000000006 56.0 58.0 43.0 60.0 34.0 35.1 36.2 37.3 38.4 39.5 40.6 41.7 42.8 43.9 45.0
45.65 46.8 47.95 49.099999999999994 50.25 51.4 52.55 53.7 54.849999999999994 56.0 58.0 43.0 60.0 33.0 34.15 35.3 36.45 37.6 38.75 39.9 41.05 42.2 43.35 44.5
45.65 46.8 47.95 49.099999999999994 50.25 51.4 52.55 53.7 54.849999999999994 56.0 58.0 41.0 59.0 33.0 34.15 35.3 36.45 37.6 38.75 39.9 41.05 42.2 43.35 44.5
45.65 46.8 47.95 49.099999999999994 50.25 51.4 52.55 53.7 54.849999999999994 56.0 58.0 41.0 59.0 33.0 34.15 35.3 36.45 37.6 38.75 39.9 41.05 42.2 43.35 44.5
45.65 46.8 47.95 49.099999999999994 50.25 51.4 52.55 53.7 54.849999999999994 56.0 58.0 41.0 59.0 33.0 34.15 35.3 36.45 37.6 38.75 39.9 41.05 42.2 43.35 44.5
47.9 48.8 49.7 50.6 51.5 52.4 53.3 54.2 55.1 56.0 58.0 41.0 59.0 38.0 38.9 39.8 40.7 41.6 42.5 43.4 44.3 45.2 46.1 47.0
47.35 48.2 49.05 49.9 50.75 51.6 52.45 53.3 54.15 55.0 58.0 43.0 60.0 38.0 38.85 39.7 40.55 41.4 42.25 43.1 43.95 44.8 45.65 46.5
47.35 48.2 49.05 49.9 50.75 51.6 52.45 53.3 54.15 55.0 58.0 43.0 60.0 38.0 38.85 39.7 40.55 41.4 42.25 43.1 43.95 44.8 45.65 46.5
46.9 47.8 48.7 49.6 50.5 51.4 52.3 53.2 54.1 55.0 58.0 43.0 60.0 37.0 37.9 38.8 39.7 40.6 41.5 42.4 43.3 44.2 45.1 46.0
46.9 47.8 48.7 49.6 50.5 51.4 52.3 53.2 54.1 55.0 60.0 46.0 60.0 37.0 37.9 38.8 39.7 40.6 41.5 42.4 43.3 44.2 45.1 46.0
43.6 44.2 44.8 45.4 46.0 46.6 47.2 47.8 48.4 49.0 60.0 46.0 60.0 37.0 37.6 38.2 38.8 39.4 40.0 40.6 41.2 41.8 42.4 43.0
43.6 44.2 44.8 45.4 46.0 46.6 47.2 47.8 48.4 49.0 60.0 46.0 60.0 37.0 37.6 38.2 38.8 39.4 40.0 40.6 41.2 41.8 42.4 43.0
53.714285714285715 53.19047619047619 52.666666666666664 52.14285714285714 51.61904761904762 51.095238095238095 50.57142857142857 50.04761904761905 49.523809523809526 49.0 60.0 46.0 60.0 59.476190476190474 58.95238095238095 58.42857142857143 57.904761904761905 57.38095238095238 56.857142857142854 56.333333333333336 55.80952380952381 55.285714285714285 54.76190476190476 54.23809523809524
47.0 48.0 49.0 50.0 51.0 52.0 53.0 54.0 55.0 56.0 59.0 42.0 39.0 36.0 37.0 38.0 39.0 40.0 41.0 42.0 43.0 44.0 45.0 46.0
47.0 48.0 49.0 50.0 51.0 52.0 53.0 54.0 55.0 56.0 57.0 43.0 59.0 36.0 37.0 38.0 39.0 40.0 41.0 42.0 43.0 44.0 45.0 46.0
48.1 49.2 50.3 51.400000000000006 52.5 53.6 54.7 55.8 56.900000000000006 58.0 57.0 43.0 59.0 36.0 37.1 38.2 39.3 40.4 41.5 42.6 43.7 44.8 45.9 47.0
48.1 49.2 50.3 51.400000000000006 52.5 53.6 54.7 55.8 56.900000000000006 58.0 57.0 43.0 59.0 36.0 37.1 38.2 39.3 40.4 41.5 42.6 43.7 44.8 45.9 47.0
47.65 48.8 49.95 51.099999999999994 52.25 53.4 54.55 55.7 56.849999999999994 58.0 57.0 43.0 59.0 35.0 36.15 37.3 38.45 39.6 40.75 41.9 43.05 44.2 45.35 46.5
47.65 48.8 49.95 51.099999999999994 52.25 53.4 54.55 55.7 56.849999999999994 58.0 58.0 42.0 58.0 35.0 36.15 37.3 38.45 39.6 40.75 41.9 43.05 44.2 45.35 46.5
47.04761904761905 48.142857142857146 49.23809523809524 50.333333333333336 51.42857142857143 52.523809523809526 53.61904761904762 54.714285714285715 55.80952380952381 56.904761904761905 58.0 42.0 58.0 35.0 36.095238095238095 37.19047619047619 38.285714285714285 39.38095238095238 40.476190476190474 41.57142857142857 42.66666666666667 43.76190476190476 44.85714285714286 45.95238095238095
47.04761904761905 48.142857142857146 49.23809523809524 50.333333333333336 51.42857142857143 52.523809523809526 53.61904761904762 54.714285714285715 55.80952380952381 56.904761904761905 58.0 42.0 58.0 35.0 36.095238095238095 37.19047619047619 38.285714285714285 39.38095238095238 40.476190476190474 41.57142857142857 42.66666666666667 43.76190476190476 44.85714285714286 45.95238095238095
48.04761904761905 49.142857142857146 50.23809523809524 51.333333333333336 52.42857142857143 53.523809523809526 54.61904761904762 55.714285714285715 56.80952380952381 57.904761904761905 59.0 42.0 58.0 36.0 37.095238095238095 38.19047619047619 39.285714285714285 40.38095238095238 41.476190476190474 42.57142857142857 43.66666666666667 44.76190476190476 45.85714285714286 46.95238095238095
47.55 48.6 49.65 50.7 51.75 52.8 53.85 54.900000000000006 55.95 57.0 59.0 39.0 59.0 36.0 37.05 38.1 39.15 40.2 41.25 42.3 43.35 44.4 45.45 46.5
47.55 48.6 49.65 50.7 51.75 52.8 53.85 54.900000000000006 55.95 57.0 59.0 39.0 59.0 36.0 37.05 38.1 39.15 40.2 41.25 42.3 43.35 44.4 45.45 46.5
48.45 49.4 50.35 51.3 52.25 53.2 54.15 55.099999999999994 56.05 57.0 59.0 39.0 59.0 38.0 38.95 39.9 40.85 41.8 42.75 43.7 44.65 45.6 46.55 47.5
47.35 48.2 49.05 49.9 50.75 51.6 52.45 53.3 54.15 55.0 56.0 40.0 56.0 38.0 38.85 39.7 40.55 41.4 42.25 43.1 43.95 44.8 45.65 46.5
47.35 48.2 49.05 49.9 50.75 51.6 52.45 53.3 54.15 55.0 56.0 40.0 56.0 38.0 38.85 39.7 40.55 41.4 42.25 43.1 43.95 44.8 45.65 46.5
47.35 48.2 49.05 49.9 50.75 51.6 52.45 53.3 54.15 55.0 56.0 40.0 56.0 38.0 38.85 39.7 40.55 41.4 42.25 43.1 43.95 44.8 45.65 46.5
46.45 47.4 48.35 49.3 50.25 51.2 52.15 53.099999999999994 54.05 55.0 56.0 40.0 56.0 36.0 36.95 37.9 38.85 39.8 40.75 41.7 42.65 43.6 44.55 45.5
46.45 47.4 48.35 49.3 50.25 51.2 52.15 53.099999999999994 54.05 55.0 54.0 41.0 55.0 36.0 36.95 37.9 38.85 39.8 40.75 41.7 42.65 43.6 44.55 45.5
48.65 49.8 50.95 52.099999999999994 53.25 54.4 55.55 56.7 57.849999999999994 59.0 54.0 41.0 55.0 36.0 37.15 38.3 39.45 40.6 41.75 42.9 44.05 45.2 46.35 47.5
48.65 49.8 50.95 52.099999999999994 53.25 54.4 55.55 56.7 57.849999999999994 59.0 54.0 41.0 55.0 36.0 37.15 38.3 39.45 40.6 41.75 42.9 44.05 45.2 46.35 47.5
50.0 51.0 52.0 53.0 54.0 55.0 56.0 57.0 58.0 59.0 54.0 41.0 55.0 39.0 40.0 41.0 42.0 43.0 44.0 45.0 46.0 47.0 48.0 49.0
50.0 51.0 52.0 53.0 54.0 55.0 56.0 57.0 58.0 59.0 58.0 37.0 56.0 39.0 40.0 41.0 42.0 43.0 44.0 45.0 46.0 47.0 48.0 49.0
50.55 51.6 52.65 53.7 54.75 55.8 56.85 57.900000000000006 58.95 60.0 58.0 37.0 56.0 39.0 40.05 41.1 42.15 43.2 44.25 45.3 46.35 47.4 48.45 49.5
50.55 51.6 52.65 53.7 54.75 55.8 56.85 57.900000000000006 58.95 60.0 58.0 37.0 56.0 39.0 40.05 41.1 42.15 43.2 44.25 45.3 46.35 47.4 48.45 49.5
46.95 48.4 49.849999999999994 51.3 52.75 54.2 55.65 57.099999999999994 58.55 60.0 58.0 37.0 56.0 31.0 32.45 33.9 35.35 36.8 38.25 39.7 41.15 42.6 44.05 45.5
45.85 47.2 48.55 49.900000000000006 51.25 52.6 53.95 55.3 56.650000000000006 58.0 56.0 46.0 60.0 31.0 32.35 33.7 35.05 36.4 37.75 39.1 40.45 41.8 43.15 44.5
45.85 47.2 48.55 49.900000000000006 51.25 52.6 53.95 55.3 56.650000000000006 58.0 56.0 46.0 60.0 31.0 32.35 33.7 35.05 36.4 37.75 39.1 40.45 41.8 43.15 44.5
45.85 47.2 48.55 49.900000000000006 51.25 52.6 53.95 55.3 56.650000000000006 58.0 56.0 46.0 60.0 31.0 32.35 33.7 35.05 36.4 37.75 39.1 40.45 41.8 43.15 44.5
42.23529411764706 42.529411764705884 42.8235294117647 43.11764705882353 43.411764705882355 43.705882352941174 44.0 48.666666666666664 53.333333333333336 58.0 57.0 46.0 60.0 39.0 39.294117647058826 39.588235294117645 39.88235294117647 40.1764705882353 40.470588235294116 40.76470588235294 41.05882352941177 41.35294117647059 41.64705882352941 41.94117647058823
42.23529411764706 42.529411764705884 42.8235294117647 43.11764705882353 43.411764705882355 43.705882352941174 44.0 49.333333333333336 54.666666666666664 60.0 57.0 47.0 56.0 39.0 39.294117647058826 39.588235294117645 39.88235294117647 40.1764705882353 40.470588235294116 40.76470588235294 41.05882352941177 41.35294117647059 41.64705882352941 41.94117647058823
42.23529411764706 42.529411764705884 42.8235294117647 43.11764705882353 43.411764705882355 43.705882352941174 44.0 49.333333333333336 54.666666666666664 60.0 57.0 47.0 56.0 39.0 39.294117647058826 39.588235294117645 39.88235294117647 40.1764705882353 40.470588235294116 40.76470588235294 41.05882352941177 41.35294117647059 41.64705882352941 41.94117647058823
40.76470588235294 41.470588235294116 42.1764705882353 42.88235294117647 43.58823529411765 44.294117647058826 45.0 50.0 55.0 60.0 57.0 47.0 56.0 33.0 33.705882352941174 34.411764705882355 35.11764705882353 35.8235294117647 36.529411764705884 37.23529411764706 37.94117647058823 38.64705882352941 39.35294117647059 40.05882352941177
40.76470588235294 41.470588235294116 42.1764705882353 42.88235294117647 43.58823529411765 44.294117647058826 45.0 49.0 53.0 57.0 58.0 45.0 39.0 33.0 33.705882352941174 34.411764705882355 35.11764705882353 35.8235294117647 36.529411764705884 37.23529411764706 37.94117647058823 38.64705882352941 39.35294117647059 40.05882352941177
40.76470588235294 41.470588235294116 42.1764705882353 42.88235294117647 43.58823529411765 44.294117647058826 45.0 49.0 53.0 57.0 58.0 45.0 39.0 33.0 33.705882352941174 34.411764705882355 35.11764705882353 35.8235294117647 36.529411764705884 37.23529411764706 37.94117647058823 38.64705882352941 39.35294117647059 40.05882352941177
40.76470588235294 41.470588235294116 42.1764705882353 42.88235294117647 43.58823529411765 44.294117647058826 45.0 49.0 53.0 57.0 58.0 45.0 39.0 33.0 33.705882352941174 34.411764705882355 35.11764705882353 35.8235294117647 36.529411764705884 37.23529411764706 37.94117647058823 38.64705882352941 39.35294117647059 40.05882352941177
42.8235294117647 43.35294117647059 43.88235294117647 44.411764705882355 44.94117647058823 45.470588235294116 46.0 49.666666666666664 53.333333333333336 57.0 58.0 45.0 41.0 37.0 37.529411764705884 38.05882352941177 38.588235294117645 39.11764705882353 39.64705882352941 40.1764705882353 40.705882352941174 41.23529411764706 41.76470588235294 42.294117647058826
42.8235294117647 43.35294117647059 43.88235294117647 44.411764705882355 44.94117647058823 45.470588235294116 46.0 49.666666666666664 53.333333333333336 57.0 58.0 46.0 41.5 37.0 37.529411764705884 38.05882352941177 38.588235294117645 39.11764705882353 39.64705882352941 40.1764705882353 40.705882352941174 41.23529411764706 41.76470588235294 42.294117647058826
42.8235294117647 43.35294117647059 43.88235294117647 44.411764705882355 44.94117647058823 45.470588235294116 46.0 49.0 52.0 55.0 58.0 46.0 41.5 37.0 37.529411764705884 38.05882352941177 38.588235294117645 39.11764705882353 39.64705882352941 40.1764705882353 40.705882352941174 41.23529411764706 41.76470588235294 42.294117647058826
42.8235294117647 43.35294117647059 43.88235294117647 44.411764705882355 44.94117647058823 45.470588235294116 46.0 49.0 52.0 55.0 58.0 46.0 41.5 37.0 37.529411764705884 38.05882352941177 38.588235294117645 39.11764705882353 39.64705882352941 40.1764705882353 40.705882352941174 41.23529411764706 41.76470588235294 42.294117647058826
44.23529411764706 44.529411764705884 44.8235294117647 45.11764705882353 45.411764705882355 45.705882352941174 46.0 49.0 52.0 55.0 58.0 46.0 43.5 41.0 41.294117647058826 41.588235294117645 41.88235294117647 42.1764705882353 42.470588235294116 42.76470588235294 43.05882352941177 43.35294117647059 43.64705882352941 43.94117647058823
48.11764705882353 48.76470588235294 49.411764705882355 50.05882352941177 50.705882352941174 51.35294117647059 52.0 53.75 55.5 57.25 59.0 44.0 42.5 41.0 41.64705882352941 42.294117647058826 42.94117647058823 43.588235294117645 44.23529411764706 44.88235294117647 45.529411764705884 46.1764705882353 46.82352941176471 47.470588235294116
48.11764705882353 48.76470588235294 49.411764705882355 50.05882352941177 50.705882352941174 51.35294117647059 52.0 53.75 55.5 57.25 59.0 44.0 42.5 41.0 41.64705882352941 42.294117647058826 42.94117647058823 43.588235294117645 44.23529411764706 44.88235294117647 45.529411764705884 46.1764705882353 46.82352941176471 47.470588235294116
46.705882352941174 47.588235294117645 48.470588235294116 49.35294117647059 50.23529411764706 51.11764705882353 52.0 53.75 55.5 57.25 59.0 44.0 40.5 37.0 37.88235294117647 38.76470588235294 39.64705882352941 40.529411764705884 41.411764705882355 42.294117647058826 43.17647058823529 44.05882352941177 44.94117647058823 45.82352941176471
46.05882352941177 46.88235294117647 47.705882352941174 48.529411764705884 49.35294117647059 50.17647058823529 51.0 53.25 55.5 57.75 60.0 40.0 38.5 37.0 37.8235294117647 38.64705882352941 39.470588235294116 40.294117647058826 41.11764705882353 41.94117647058823 42.76470588235294 43.588235294117645 44.411764705882355 45.23529411764706
46.05882352941177 46.88235294117647 47.705882352941174 48.529411764705884 49.35294117647059 50.17647058823529 51.0 53.25 55.5 57.75 60.0 40.0 38.5 37.0 37.8235294117647 38.64705882352941 39.470588235294116 40.294117647058826 41.11764705882353 41.94117647058823 42.76470588235294 43.588235294117645 44.411764705882355 45.23529411764706
46.05882352941177 46.88235294117647 47.705882352941174 48.529411764705884 49.35294117647059 50.17647058823529 51.0 53.25 55.5 57.75 60.0 40.0 38.5 37.0 37.8235294117647 38.64705882352941 39.470588235294116 40.294117647058826 41.11764705882353 41.94117647058823 42.76470588235294 43.588235294117645 44.411764705882355 45.23529411764706
