40.5 41.0 41.5 42.0 42.5 43.0 43.5 44.0 44.5 45.0 60.0 55.0 45.0 35.0 35.5 36.0 36.5 37.0 37.5 38.0 38.5 39.0 39.5 40.0
40.5 41.0 41.5 42.0 42.5 43.0 43.5 44.0 44.5 45.0 60.0 55.0 45.0 35.0 35.5 36.0 36.5 37.0 37.5 38.0 38.5 39.0 39.5 40.0
40.5 41.0 41.5 42.0 42.5 43.0 43.5 44.0 44.5 45.0 60.0 55.0 45.0 35.0 35.5 36.0 36.5 37.0 37.5 38.0 38.5 39.0 39.5 40.0
41.85 42.2 42.55 42.9 43.25 43.6 43.95 44.3 44.65 45.0 46.0 47.0 60.0 38.0 38.35 38.7 39.05 39.4 39.75 40.1 40.45 40.8 41.15 41.5
41.85 42.2 42.55 42.9 43.25 43.6 43.95 44.3 44.65 45.0 46.0 47.0 60.0 38.0 38.35 38.7 39.05 39.4 39.75 40.1 40.45 40.8 41.15 41.5
41.85 42.2 42.55 42.9 43.25 43.6 43.95 44.3 44.65 45.0 46.0 47.0 60.0 38.0 38.35 38.7 39.05 39.4 39.75 40.1 40.45 40.8 41.15 41.5
39.65 39.8 39.95 40.1 40.25 40.4 40.55 40.7 40.85 41.0 59.0 46.0 60.0 38.0 38.15 38.3 38.45 38.6 38.75 38.9 39.05 39.2 39.35 39.5
51.58823529411765 52.82352941176471 54.05882352941177 55.294117647058826 56.529411764705884 57.76470588235294 59.0 53.0 47.0 41.0 59.0 46.0 42.0 38.0 39.23529411764706 40.470588235294116 41.705882352941174 42.94117647058823 44.1764705882353 45.411764705882355 46.64705882352941 47.88235294117647 49.11764705882353 50.35294117647059
51.58823529411765 52.82352941176471 54.05882352941177 55.294117647058826 56.529411764705884 57.76470588235294 59.0 53.0 47.0 41.0 59.0 46.0 42.0 38.0 39.23529411764706 40.470588235294116 41.705882352941174 42.94117647058823 44.1764705882353 45.411764705882355 46.64705882352941 47.88235294117647 49.11764705882353 50.35294117647059
51.58823529411765 52.82352941176471 54.05882352941177 55.294117647058826 56.529411764705884 57.76470588235294 59.0 53.0 47.0 41.0 59.0 46.0 42.0 38.0 39.23529411764706 40.470588235294116 41.705882352941174 42.94117647058823 44.1764705882353 45.411764705882355 46.64705882352941 47.88235294117647 49.11764705882353 50.35294117647059
51.58823529411765 52.82352941176471 54.05882352941177 55.294117647058826 56.529411764705884 57.76470588235294 59.0 53.0 47.0 41.0 59.0 52.0 45.0 38.0 39.23529411764706 40.470588235294116 41.705882352941174 42.94117647058823 44.1764705882353 45.411764705882355 46.64705882352941 47.88235294117647 49.11764705882353 50.35294117647059
51.58823529411765 52.82352941176471 54.05882352941177 55.294117647058826 56.529411764705884 57.76470588235294 59.0 53.0 47.0 41.0 59.0 52.0 60.0 38.0 39.23529411764706 40.470588235294116 41.705882352941174 42.94117647058823 44.1764705882353 45.411764705882355 46.64705882352941 47.88235294117647 49.11764705882353 50.35294117647059
50.294117647058826 51.411764705882355 52.529411764705884 53.64705882352941 54.76470588235294 55.88235294117647 57.0 51.666666666666664 46.333333333333336 41.0 59.0 52.0 60.0 38.0 39.11764705882353 40.23529411764706 41.35294117647059 42.470588235294116 43.588235294117645 44.705882352941174 45.82352941176471 46.94117647058823 48.05882352941177 49.17647058823529
50.64705882352941 51.705882352941174 52.76470588235294 53.82352941176471 54.88235294117647 55.94117647058823 57.0 52.0 47.0 42.0 60.0 44.0 60.0 39.0 40.05882352941177 41.11764705882353 42.1764705882353 43.23529411764706 44.294117647058826 45.35294117647059 46.411764705882355 47.470588235294116 48.529411764705884 49.588235294117645
50.64705882352941 51.705882352941174 52.76470588235294 53.82352941176471 54.88235294117647 55.94117647058823 57.0 52.0 47.0 42.0 60.0 44.0 58.0 39.0 40.05882352941177 41.11764705882353 42.1764705882353 43.23529411764706 44.294117647058826 45.35294117647059 46.411764705882355 47.470588235294116 48.529411764705884 49.588235294117645
51.94117647058823 53.11764705882353 54.294117647058826 55.470588235294116 56.64705882352941 57.82352941176471 59.0 53.333333333333336 47.666666666666664 42.0 60.0 44.0 58.0 39.0 40.1764705882353 41.35294117647059 42.529411764705884 43.705882352941174 44.88235294117647 46.05882352941177 47.23529411764706 48.411764705882355 49.588235294117645 50.76470588235294
51.94117647058823 53.11764705882353 54.294117647058826 55.470588235294116 56.64705882352941 57.82352941176471 59.0 53.333333333333336 47.666666666666664 42.0 60.0 44.0 58.0 39.0 40.1764705882353 41.35294117647059 42.529411764705884 43.705882352941174 44.88235294117647 46.05882352941177 47.23529411764706 48.411764705882355 49.588235294117645 50.76470588235294
50.1764705882353 51.64705882352941 53.11764705882353 54.58823529411765 56.05882352941177 57.529411764705884 59.0 53.333333333333336 47.666666666666664 42.0 57.0 44.0 58.0 34.0 35.470588235294116 36.94117647058823 38.411764705882355 39.88235294117647 41.35294117647059 42.82352941176471 44.294117647058826 45.76470588235294 47.23529411764706 48.705882352941174
38.4 38.8 39.2 39.6 40.0 40.4 40.8 41.2 41.6 42.0 57.0 44.0 39.0 34.0 34.4 34.8 35.2 35.6 36.0 36.4 36.8 37.2 37.6 38.0
38.4 38.8 39.2 39.6 40.0 40.4 40.8 41.2 41.6 42.0 57.0 44.0 39.0 34.0 34.4 34.8 35.2 35.6 36.0 36.4 36.8 37.2 37.6 38.0
38.85 39.2 39.55 39.9 40.25 40.6 40.95 41.3 41.65 42.0 59.0 45.0 40.0 35.0 35.35 35.7 36.05 36.4 36.75 37.1 37.45 37.8 38.15 38.5
38.85 39.2 39.55 39.9 40.25 40.6 40.95 41.3 41.65 42.0 59.0 45.0 58.0 35.0 35.35 35.7 36.05 36.4 36.75 37.1 37.45 37.8 38.15 38.5
38.85 39.2 39.55 39.9 40.25 40.6 40.95 41.3 41.65 42.0 59.0 45.0 58.0 35.0 35.35 35.7 36.05 36.4 36.75 37.1 37.45 37.8 38.15 38.5
39.85 40.2 40.55 40.9 41.25 41.6 41.95 42.3 42.65 43.0 58.0 45.0 58.0 36.0 36.35 36.7 37.05 37.4 37.75 38.1 38.45 38.8 39.15 39.5
39.85 40.2 40.55 40.9 41.25 41.6 41.95 42.3 42.65 43.0 58.0 53.0 58.0 36.0 36.35 36.7 37.05 37.4 37.75 38.1 38.45 38.8 39.15 39.5
39.85 40.2 40.55 40.9 41.25 41.6 41.95 42.3 42.65 43.0 58.0 53.0 50.0 36.0 36.35 36.7 37.05 37.4 37.75 38.1 38.45 38.8 39.15 39.5
51.529411764705884 52.94117647058823 54.352941176470594 55.76470588235294 57.1764705882353 58.58823529411765 60.0 54.333333333333336 48.666666666666664 43.0 58.0 53.0 50.0 36.0 37.411764705882355 38.8235294117647 40.23529411764706 41.64705882352941 43.05882352941177 44.470588235294116 45.88235294117647 47.294117647058826 48.705882352941174 50.11764705882353
51.529411764705884 52.94117647058823 54.352941176470594 55.76470588235294 57.1764705882353 58.58823529411765 60.0 53.0 46.0 39.0 58.0 48.0 50.0 36.0 37.411764705882355 38.8235294117647 40.23529411764706 41.64705882352941 43.05882352941177 44.470588235294116 45.88235294117647 47.294117647058826 48.705882352941174 50.11764705882353
51.529411764705884 52.94117647058823 54.352941176470594 55.76470588235294 57.1764705882353 58.58823529411765 60.0 53.0 46.0 39.0 58.0 48.0 50.0 36.0 37.411764705882355 38.8235294117647 40.23529411764706 41.64705882352941 43.05882352941177 44.470588235294116 45.88235294117647 47.294117647058826 48.705882352941174 50.11764705882353
51.529411764705884 52.94117647058823 54.352941176470594 55.76470588235294 57.1764705882353 58.58823529411765 60.0 53.0 46.0 39.0 58.0 48.0 57.0 36.0 37.411764705882355 38.8235294117647 40.23529411764706 41.64705882352941 43.05882352941177 44.470588235294116 45.88235294117647 47.294117647058826 48.705882352941174 50.11764705882353
50.11764705882353 51.76470588235294 53.41176470588235 55.05882352941177 56.705882352941174 58.35294117647059 60.0 55.0 50.0 45.0 58.0 48.0 57.0 32.0 33.64705882352941 35.294117647058826 36.94117647058823 38.588235294117645 40.23529411764706 41.88235294117647 43.529411764705884 45.17647058823529 46.8235294117647 48.470588235294116
50.11764705882353 51.76470588235294 53.41176470588235 55.05882352941177 56.705882352941174 58.35294117647059 60.0 55.0 50.0 45.0 55.0 45.0 57.0 32.0 33.64705882352941 35.294117647058826 36.94117647058823 38.588235294117645 40.23529411764706 41.88235294117647 43.529411764705884 45.17647058823529 46.8235294117647 48.470588235294116
50.11764705882353 51.76470588235294 53.41176470588235 55.05882352941177 56.705882352941174 58.35294117647059 60.0 55.0 50.0 45.0 55.0 45.0 57.0 32.0 33.64705882352941 35.294117647058826 36.94117647058823 38.588235294117645 40.23529411764706 41.88235294117647 43.529411764705884 45.17647058823529 46.8235294117647 48.470588235294116
47.529411764705884 48.94117647058823 50.352941176470594 51.76470588235294 53.1764705882353 54.58823529411765 56.0 52.333333333333336 48.666666666666664 45.0 55.0 45.0 58.0 32.0 33.411764705882355 34.8235294117647 36.23529411764706 37.64705882352941 39.05882352941177 40.470588235294116 41.88235294117647 43.294117647058826 44.705882352941174 46.11764705882353
47.1764705882353 48.64705882352941 50.11764705882353 51.58823529411765 53.05882352941177 54.529411764705884 56.0 50.666666666666664 45.333333333333336 40.0 58.0 45.0 58.0 31.0 32.470588235294116 33.94117647058823 35.411764705882355 36.88235294117647 38.35294117647059 39.82352941176471 41.294117647058826 42.76470588235294 44.23529411764706 45.705882352941174
47.1764705882353 48.64705882352941 50.11764705882353 51.58823529411765 53.05882352941177 54.529411764705884 56.0 50.666666666666664 45.333333333333336 40.0 58.0 54.0 58.0 31.0 32.470588235294116 33.94117647058823 35.411764705882355 36.88235294117647 38.35294117647059 39.82352941176471 41.294117647058826 42.76470588235294 44.23529411764706 45.705882352941174
47.1764705882353 48.64705882352941 50.11764705882353 51.58823529411765 53.05882352941177 54.529411764705884 56.0 50.666666666666664 45.333333333333336 40.0 58.0 54.0 54.0 31.0 32.470588235294116 33.94117647058823 35.411764705882355 36.88235294117647 38.35294117647059 39.82352941176471 41.294117647058826 42.76470588235294 44.23529411764706 45.705882352941174
49.23529411764706 50.529411764705884 51.82352941176471 53.11764705882353 54.411764705882355 55.705882352941174 57.0 51.333333333333336 45.666666666666664 40.0 58.0 54.0 54.0 35.0 36.294117647058826 37.588235294117645 38.88235294117647 40.1764705882353 41.470588235294116 42.76470588235294 44.05882352941177 45.35294117647059 46.64705882352941 47.94117647058823
49.23529411764706 50.529411764705884 51.82352941176471 53.11764705882353 54.411764705882355 55.705882352941174 57.0 51.666666666666664 46.333333333333336 41.0 59.0 40.0 54.0 35.0 36.294117647058826 37.588235294117645 38.88235294117647 40.1764705882353 41.470588235294116 42.76470588235294 44.05882352941177 45.35294117647059 46.64705882352941 47.94117647058823
49.23529411764706 50.529411764705884 51.82352941176471 53.11764705882353 54.411764705882355 55.705882352941174 57.0 51.666666666666664 46.333333333333336 41.0 59.0 40.0 54.0 35.0 36.294117647058826 37.588235294117645 38.88235294117647 40.1764705882353 41.470588235294116 42.76470588235294 44.05882352941177 45.35294117647059 46.64705882352941 47.94117647058823
50.529411764705884 51.94117647058823 53.352941176470594 54.76470588235294 56.1764705882353 57.58823529411765 59.0 53.0 47.0 41.0 59.0 40.0 56.0 35.0 36.411764705882355 37.8235294117647 39.23529411764706 40.64705882352941 42.05882352941177 43.470588235294116 44.88235294117647 46.294117647058826 47.705882352941174 49.11764705882353
49.8235294117647 51.35294117647059 52.88235294117647 54.41176470588235 55.94117647058823 57.470588235294116 59.0 52.0 45.0 38.0 60.0 40.0 56.0 33.0 34.529411764705884 36.05882352941177 37.588235294117645 39.11764705882353 40.64705882352941 42.17647058823529 43.705882352941174 45.23529411764706 46.76470588235294 48.294117647058826
49.8235294117647 51.35294117647059 52.88235294117647 54.41176470588235 55.94117647058823 57.470588235294116 59.0 52.0 45.0 38.0 60.0 47.0 56.0 33.0 34.529411764705884 36.05882352941177 37.588235294117645 39.11764705882353 40.64705882352941 42.17647058823529 43.705882352941174 45.23529411764706 46.76470588235294 48.294117647058826
49.8235294117647 51.35294117647059 52.88235294117647 54.41176470588235 55.94117647058823 57.470588235294116 59.0 52.0 45.0 38.0 60.0 47.0 57.0 33.0 34.529411764705884 36.05882352941177 37.588235294117645 39.11764705882353 40.64705882352941 42.17647058823529 43.705882352941174 45.23529411764706 46.76470588235294 48.294117647058826
47.470588235294116 49.05882352941177 50.647058823529406 52.23529411764706 53.8235294117647 55.41176470588235 57.0 50.666666666666664 44.333333333333336 38.0 60.0 47.0 57.0 30.0 31.58823529411765 33.1764705882353 34.76470588235294 36.35294117647059 37.94117647058823 39.529411764705884 41.11764705882353 42.705882352941174 44.294117647058826 45.88235294117647
47.470588235294116 49.05882352941177 50.647058823529406 52.23529411764706 53.8235294117647 55.41176470588235 57.0 52.0 47.0 42.0 60.0 49.0 57.0 30.0 31.58823529411765 33.1764705882353 34.76470588235294 36.35294117647059 37.94117647058823 39.529411764705884 41.11764705882353 42.705882352941174 44.294117647058826 45.88235294117647
47.470588235294116 49.05882352941177 50.647058823529406 52.23529411764706 53.8235294117647 55.41176470588235 57.0 52.0 47.0 42.0 60.0 49.0 57.0 30.0 31.58823529411765 33.1764705882353 34.76470588235294 36.35294117647059 37.94117647058823 39.529411764705884 41.11764705882353 42.705882352941174 44.294117647058826 45.88235294117647
49.41176470588235 51.17647058823529 52.94117647058823 54.705882352941174 56.470588235294116 58.23529411764706 60.0 54.0 48.0 42.0 60.0 49.0 57.0 30.0 31.764705882352942 33.529411764705884 35.294117647058826 37.05882352941177 38.82352941176471 40.588235294117645 42.35294117647059 44.11764705882353 45.88235294117647 47.64705882352941
50.8235294117647 52.35294117647059 53.88235294117647 55.41176470588235 56.94117647058823 58.470588235294116 60.0 54.0 48.0 42.0 60.0 49.0 57.0 34.0 35.529411764705884 37.05882352941177 38.588235294117645 40.11764705882353 41.64705882352941 43.17647058823529 44.705882352941174 46.23529411764706 47.76470588235294 49.294117647058826
50.8235294117647 52.35294117647059 53.88235294117647 55.41176470588235 56.94117647058823 58.470588235294116 60.0 54.333333333333336 48.666666666666664 43.0 56.0 51.0 57.0 34.0 35.529411764705884 37.05882352941177 38.588235294117645 40.11764705882353 41.64705882352941 43.17647058823529 44.705882352941174 46.23529411764706 47.76470588235294 49.294117647058826
50.8235294117647 52.35294117647059 53.88235294117647 55.41176470588235 56.94117647058823 58.470588235294116 60.0 54.333333333333336 48.666666666666664 43.0 56.0 51.0 57.0 34.0 35.529411764705884 37.05882352941177 38.588235294117645 40.11764705882353 41.64705882352941 43.17647058823529 44.705882352941174 46.23529411764706 47.76470588235294 49.294117647058826
49.529411764705884 50.94117647058823 52.352941176470594 53.76470588235294 55.1764705882353 56.58823529411765 58.0 53.0 48.0 43.0 56.0 51.0 59.0 34.0 35.411764705882355 36.8235294117647 38.23529411764706 39.64705882352941 41.05882352941177 42.470588235294116 43.88235294117647 45.294117647058826 46.705882352941174 48.11764705882353
49.1764705882353 50.64705882352941 52.11764705882353 53.58823529411765 55.05882352941177 56.529411764705884 58.0 52.333333333333336 46.666666666666664 41.0 59.0 51.0 59.0 33.0 34.470588235294116 35.94117647058823 37.411764705882355 38.88235294117647 40.35294117647059 41.82352941176471 43.294117647058826 44.76470588235294 46.23529411764706 47.705882352941174
49.1764705882353 50.64705882352941 52.11764705882353 53.58823529411765 55.05882352941177 56.529411764705884 58.0 52.333333333333336 46.666666666666664 41.0 59.0 46.0 59.0 33.0 34.470588235294116 35.94117647058823 37.411764705882355 38.88235294117647 40.35294117647059 41.82352941176471 43.294117647058826 44.76470588235294 46.23529411764706 47.705882352941174
49.1764705882353 50.64705882352941 52.11764705882353 53.58823529411765 55.05882352941177 56.529411764705884 58.0 52.333333333333336 46.666666666666664 41.0 59.0 46.0 57.0 33.0 34.470588235294116 35.94117647058823 37.411764705882355 38.88235294117647 40.35294117647059 41.82352941176471 43.294117647058826 44.76470588235294 46.23529411764706 47.705882352941174
40.6 41.2 41.8 42.4 43.0 43.6 44.2 44.8 45.4 46.0 59.0 46.0 57.0 34.0 34.6 35.2 35.8 36.4 37.0 37.6 38.2 38.8 39.4 40.0
40.6 41.2 41.8 42.4 43.0 43.6 44.2 44.8 45.4 46.0 59.0 44.0 57.0 34.0 34.6 35.2 35.8 36.4 37.0 37.6 38.2 38.8 39.4 40.0
40.6 41.2 41.8 42.4 43.0 43.6 44.2 44.8 45.4 46.0 59.0 44.0 57.0 34.0 34.6 35.2 35.8 36.4 37.0 37.6 38.2 38.8 39.4 40.0
49.529411764705884 50.94117647058823 52.352941176470594 53.76470588235294 55.1764705882353 56.58823529411765 58.0 54.0 50.0 46.0 59.0 44.0 57.0 34.0 35.411764705882355 36.8235294117647 38.23529411764706 39.64705882352941 41.05882352941177 42.470588235294116 43.88235294117647 45.294117647058826 46.705882352941174 48.11764705882353
49.88235294117647 51.23529411764706 52.58823529411765 53.94117647058823 55.294117647058826 56.64705882352941 58.0 52.333333333333336 46.666666666666664 41.0 58.0 44.0 57.0 35.0 36.35294117647059 37.705882352941174 39.05882352941177 40.411764705882355 41.76470588235294 43.11764705882353 44.470588235294116 45.82352941176471 47.1764705882353 48.529411764705884
49.88235294117647 51.23529411764706 52.58823529411765 53.94117647058823 55.294117647058826 56.64705882352941 58.0 52.333333333333336 46.666666666666664 41.0 58.0 42.0 57.0 35.0 36.35294117647059 37.705882352941174 39.05882352941177 40.411764705882355 41.76470588235294 43.11764705882353 44.470588235294116 45.82352941176471 47.1764705882353 48.529411764705884
49.88235294117647 51.23529411764706 52.58823529411765 53.94117647058823 55.294117647058826 56.64705882352941 58.0 52.333333333333336 46.666666666666664 41.0 58.0 42.0 57.0 35.0 36.35294117647059 37.705882352941174 39.05882352941177 40.411764705882355 41.76470588235294 43.11764705882353 44.470588235294116 45.82352941176471 47.1764705882353 48.529411764705884
38.3 38.6 38.9 39.2 39.5 39.8 40.1 40.4 40.7 41.0 58.0 42.0 58.0 35.0 35.3 35.6 35.9 36.2 36.5 36.8 37.1 37.4 37.7 38.0
38.5 39.0 39.5 40.0 40.5 41.0 41.5 42.0 42.5 43.0 56.0 42.0 58.0 33.0 33.5 34.0 34.5 35.0 35.5 36.0 36.5 37.0 37.5 38.0
38.5 39.0 39.5 40.0 40.5 41.0 41.5 42.0 42.5 43.0 56.0 48.0 58.0 33.0 33.5 34.0 34.5 35.0 35.5 36.0 36.5 37.0 37.5 38.0
38.5 39.0 39.5 40.0 40.5 41.0 41.5 42.0 42.5 43.0 56.0 48.0 58.0 33.0 33.5 34.0 34.5 35.0 35.5 36.0 36.5 37.0 37.5 38.0
38.5 39.0 39.5 40.0 40.5 41.0 41.5 42.0 42.5 43.0 56.0 48.0 59.0 33.0 33.5 34.0 34.5 35.0 35.5 36.0 36.5 37.0 37.5 38.0
39.4 39.8 40.2 40.6 41.0 41.4 41.8 42.2 42.6 43.0 56.0 48.0 59.0 35.0 35.4 35.8 36.2 36.6 37.0 37.4 37.8 38.2 38.6 39.0
37.2 37.4 37.6 37.8 38.0 38.2 38.4 38.6 38.8 39.0 58.0 53.0 59.0 35.0 35.2 35.4 35.6 35.8 36.0 36.2 36.4 36.6 36.8 37.0
37.2 37.4 37.6 37.8 38.0 38.2 38.4 38.6 38.8 39.0 58.0 53.0 59.0 35.0 35.2 35.4 35.6 35.8 36.0 36.2 36.4 36.6 36.8 37.0
51.529411764705884 52.94117647058823 54.352941176470594 55.76470588235294 57.1764705882353 58.58823529411765 60.0 53.0 46.0 39.0 58.0 53.0 59.0 36.0 37.411764705882355 38.8235294117647 40.23529411764706 41.64705882352941 43.05882352941177 44.470588235294116 45.88235294117647 47.294117647058826 48.705882352941174 50.11764705882353
51.529411764705884 52.94117647058823 54.352941176470594 55.76470588235294 57.1764705882353 58.58823529411765 60.0 53.666666666666664 47.333333333333336 41.0 54.0 49.0 59.0 36.0 37.411764705882355 38.8235294117647 40.23529411764706 41.64705882352941 43.05882352941177 44.470588235294116 45.88235294117647 47.294117647058826 48.705882352941174 50.11764705882353
51.529411764705884 52.94117647058823 54.352941176470594 55.76470588235294 57.1764705882353 58.58823529411765 60.0 53.666666666666664 47.333333333333336 41.0 54.0 49.0 59.0 36.0 37.411764705882355 38.8235294117647 40.23529411764706 41.64705882352941 43.05882352941177 44.470588235294116 45.88235294117647 47.294117647058826 48.705882352941174 50.11764705882353
49.58823529411765 50.82352941176471 52.05882352941177 53.294117647058826 54.529411764705884 55.76470588235294 57.0 51.666666666666664 46.333333333333336 41.0 54.0 49.0 57.0 36.0 37.23529411764706 38.470588235294116 39.705882352941174 40.94117647058823 42.1764705882353 43.411764705882355 44.64705882352941 45.88235294117647 47.11764705882353 48.35294117647059
49.23529411764706 50.529411764705884 51.82352941176471 53.11764705882353 54.411764705882355 55.705882352941174 57.0 53.0 49.0 45.0 59.0 49.0 57.0 35.0 36.294117647058826 37.588235294117645 38.88235294117647 40.1764705882353 41.470588235294116 42.76470588235294 44.05882352941177 45.35294117647059 46.64705882352941 47.94117647058823
49.23529411764706 50.529411764705884 51.82352941176471 53.11764705882353 54.411764705882355 55.705882352941174 57.0 53.0 49.0 45.0 59.0 45.0 57.0 35.0 36.294117647058826 37.588235294117645 38.88235294117647 40.1764705882353 41.470588235294116 42.76470588235294 44.05882352941177 45.35294117647059 46.64705882352941 47.94117647058823
49.23529411764706 50.529411764705884 51.82352941176471 53.11764705882353 54.411764705882355 55.705882352941174 57.0 53.0 49.0 45.0 59.0 45.0 57.0 35.0 36.294117647058826 37.588235294117645 38.88235294117647 40.1764705882353 41.470588235294116 42.76470588235294 44.05882352941177 45.35294117647059 46.64705882352941 47.94117647058823
40.5 41.0 41.5 42.0 42.5 43.0 43.5 44.0 44.5 45.0 59.0 45.0 58.0 35.0 35.5 36.0 36.5 37.0 37.5 38.0 38.5 39.0 39.5 40.0
44.44444444444444 44.666666666666664 44.888888888888886 45.111111111111114 45.333333333333336 45.55555555555556 45.77777777777778 46.0 46.0 46.0 45.5 45.0 58.0 42.0 42.22222222222222 42.44444444444444 42.666666666666664 42.888888888888886 43.111111111111114 43.333333333333336 43.55555555555556 43.77777777777778 44.0 44.22222222222222
44.44444444444444 44.666666666666664 44.888888888888886 45.111111111111114 45.333333333333336 45.55555555555556 45.77777777777778 46.0 46.0 46.0 47.5 49.0 58.0 42.0 42.22222222222222 42.44444444444444 42.666666666666664 42.888888888888886 43.111111111111114 43.333333333333336 43.55555555555556 43.77777777777778 44.0 44.22222222222222
52.35294117647059 53.294117647058826 54.23529411764706 55.17647058823529 56.11764705882353 57.05882352941177 58.0 46.0 46.0 46.0 47.5 49.0 45.5 42.0 42.94117647058823 43.88235294117647 44.8235294117647 45.76470588235294 46.705882352941174 47.64705882352941 48.588235294117645 49.529411764705884 50.470588235294116 51.411764705882355
52.35294117647059 53.294117647058826 54.23529411764706 55.17647058823529 56.11764705882353 57.05882352941177 58.0 54.0 50.0 46.0 47.5 49.0 45.5 42.0 42.94117647058823 43.88235294117647 44.8235294117647 45.76470588235294 46.705882352941174 47.64705882352941 48.588235294117645 49.529411764705884 50.470588235294116 51.411764705882355
52.35294117647059 53.294117647058826 54.23529411764706 55.17647058823529 56.11764705882353 57.05882352941177 58.0 53.333333333333336 48.666666666666664 44.0 59.0 56.0 49.0 42.0 42.94117647058823 43.88235294117647 44.8235294117647 45.76470588235294 46.705882352941174 47.64705882352941 48.588235294117645 49.529411764705884 50.470588235294116 51.411764705882355
52.35294117647059 53.294117647058826 54.23529411764706 55.17647058823529 56.11764705882353 57.05882352941177 58.0 53.333333333333336 48.666666666666664 44.0 59.0 56.0 49.0 42.0 42.94117647058823 43.88235294117647 44.8235294117647 45.76470588235294 46.705882352941174 47.64705882352941 48.588235294117645 49.529411764705884 50.470588235294116 51.411764705882355
43.1 43.2 43.3 43.4 43.5 43.6 43.7 43.8 43.9 44.0 59.0 56.0 49.0 42.0 42.1 42.2 42.3 42.4 42.5 42.6 42.7 42.8 42.9 43.0
45.2 45.4 45.6 45.8 46.0 46.2 46.4 46.6 46.8 47.0 58.0 56.0 49.5 43.0 43.2 43.4 43.6 43.8 44.0 44.2 44.4 44.6 44.8 45.0
45.2 45.4 45.6 45.8 46.0 46.2 46.4 46.6 46.8 47.0 58.0 51.0 47.0 43.0 43.2 43.4 43.6 43.8 44.0 44.2 44.4 44.6 44.8 45.0
45.2 45.4 45.6 45.8 46.0 46.2 46.4 46.6 46.8 47.0 58.0 51.0 47.0 43.0 43.2 43.4 43.6 43.8 44.0 44.2 44.4 44.6 44.8 45.0
48.0 48.0 48.0 48.0 48.0 48.0 48.0 48.0 48.0 48.0 56.0 51.0 49.5 48.0 48.0 48.0 48.0 48.0 48.0 48.0 48.0 48.0 48.0 48.0
48.0 48.0 48.0 48.0 48.0 48.0 48.0 48.0 48.0 48.0 56.0 43.0 45.5 48.0 48.0 48.0 48.0 48.0 48.0 48.0 48.0 48.0 48.0 48.0
48.0 48.0 48.0 48.0 48.0 48.0 48.0 48.0 48.0 48.0 56.0 43.0 45.5 48.0 48.0 48.0 48.0 48.0 48.0 48.0 48.0 48.0 48.0 48.0
48.0 48.0 48.0 48.0 48.0 48.0 48.0 48.0 48.0 48.0 56.0 43.0 45.5 48.0 48.0 48.0 48.0 48.0 48.0 48.0 48.0 48.0 48.0 48.0
51.45 51.4 51.35 51.3 51.25 51.2 51.15 51.1 51.05 51.0 53.0 43.0 47.5 52.0 51.95 51.9 51.85 51.8 51.75 51.7 51.65 51.6 51.55 51.5
51.45 51.4 51.35 51.3 51.25 51.2 51.15 51.1 51.05 51.0 53.0 41.0 46.5 52.0 51.95 51.9 51.85 51.8 51.75 51.7 51.65 51.6 51.55 51.5
51.45 51.4 51.35 51.3 51.25 51.2 51.15 51.1 51.05 51.0 53.0 41.0 46.5 52.0 51.95 51.9 51.85 51.8 51.75 51.7 51.65 51.6 51.55 51.5
52.55 52.6 52.65 52.7 52.75 52.8 52.85 52.9 52.95 53.0 55.0 41.0 46.5 52.0 52.05 52.1 52.15 52.2 52.25 52.3 52.35 52.4 52.45 52.5
54.8 54.6 54.4 54.2 54.0 53.8 53.6 53.4 53.2 53.0 55.0 41.0 49.0 57.0 56.8 56.6 56.4 56.2 56.0 55.8 55.6 55.4 55.2 55.0
54.8 54.6 54.4 54.2 54.0 53.8 53.6 53.4 53.2 53.0 55.0 41.0 49.0 57.0 56.8 56.6 56.4 56.2 56.0 55.8 55.6 55.4 55.2 55.0
54.8 54.6 54.4 54.2 54.0 53.8 53.6 53.4 53.2 53.0 55.0 41.0 49.0 57.0 56.8 56.6 56.4 56.2 56.0 55.8 55.6 55.4 55.2 55.0
54.8 54.6 54.4 54.2 54.0 53.8 53.6 53.4 53.2 53.0 55.0 41.0 49.0 57.0 56.8 56.6 56.4 56.2 56.0 55.8 55.6 55.4 55.2 55.0
