58.857142857142854 58.714285714285715 58.57142857142857 58.42857142857143 58.285714285714285 58.142857142857146 58.0 55.142857142857146 52.285714285714285 49.42857142857143 46.57142857142857 43.714285714285715 40.85714285714286 38.0 53.0 56.5 60.0 59.857142857142854 59.714285714285715 59.57142857142857 59.42857142857143 59.285714285714285 59.142857142857146 59.0
58.857142857142854 58.714285714285715 58.57142857142857 58.42857142857143 58.285714285714285 58.142857142857146 58.0 55.142857142857146 52.285714285714285 49.42857142857143 46.57142857142857 43.714285714285715 40.85714285714286 38.0 53.0 56.5 60.0 59.857142857142854 59.714285714285715 59.57142857142857 59.42857142857143 59.285714285714285 59.142857142857146 59.0
57.142857142857146 56.785714285714285 56.42857142857143 56.07142857142857 55.714285714285715 55.357142857142854 55.0 52.57142857142857 50.142857142857146 47.714285714285715 45.285714285714285 42.85714285714286 40.42857142857143 38.0 53.0 56.5 60.0 59.642857142857146 59.285714285714285 58.92857142857143 58.57142857142857 58.214285714285715 57.857142857142854 57.5
57.142857142857146 56.785714285714285 56.42857142857143 56.07142857142857 55.714285714285715 55.357142857142854 55.0 52.42857142857143 49.857142857142854 47.285714285714285 44.714285714285715 42.14285714285714 39.57142857142857 37.0 53.0 56.5 60.0 59.642857142857146 59.285714285714285 58.92857142857143 58.57142857142857 58.214285714285715 57.857142857142854 57.5
51.5 51.25 51.0 50.75 50.5 50.25 50.0 53.333333333333336 56.666666666666664 60.0 55.0 50.0 45.0 40.0 54.0 53.75 53.5 53.25 53.0 52.75 52.5 52.25 52.0 51.75
46.88235294117647 47.23529411764706 47.588235294117645 47.94117647058823 48.294117647058826 48.64705882352941 49.0 52.666666666666664 56.333333333333336 60.0 60.0 60.0 51.5 43.0 43.35294117647059 43.705882352941174 44.05882352941177 44.411764705882355 44.76470588235294 45.11764705882353 45.470588235294116 45.8235294117647 46.1764705882353 46.529411764705884
46.88235294117647 47.23529411764706 47.588235294117645 47.94117647058823 48.294117647058826 48.64705882352941 49.0 50.666666666666664 52.333333333333336 54.0 57.0 60.0 59.0 43.0 43.35294117647059 43.705882352941174 44.05882352941177 44.411764705882355 44.76470588235294 45.11764705882353 45.470588235294116 45.8235294117647 46.1764705882353 46.529411764705884
46.88235294117647 47.23529411764706 47.588235294117645 47.94117647058823 48.294117647058826 48.64705882352941 49.0 50.666666666666664 52.333333333333336 54.0 57.0 60.0 59.0 43.0 43.35294117647059 43.705882352941174 44.05882352941177 44.411764705882355 44.76470588235294 45.11764705882353 45.470588235294116 45.8235294117647 46.1764705882353 46.529411764705884
54.0 55.0 56.0 54.5 53.0 51.5 50.0 51.333333333333336 52.666666666666664 54.0 57.0 60.0 59.0 43.0 44.0 45.0 46.0 47.0 48.0 49.0 50.0 51.0 52.0 53.0
52.92307692307692 54.46153846153847 56.0 54.5 53.0 51.5 50.0 51.333333333333336 52.666666666666664 54.0 57.0 60.0 59.0 36.0 37.53846153846154 39.07692307692308 40.61538461538461 42.15384615384615 43.69230769230769 45.23076923076923 46.769230769230774 48.30769230769231 49.84615384615385 51.38461538461539
52.92307692307692 54.46153846153847 56.0 54.5 53.0 51.5 50.0 51.333333333333336 52.666666666666664 54.0 49.5 45.0 40.5 36.0 37.53846153846154 39.07692307692308 40.61538461538461 42.15384615384615 43.69230769230769 45.23076923076923 46.769230769230774 48.30769230769231 49.84615384615385 51.38461538461539
52.92307692307692 54.46153846153847 56.0 54.5 53.0 51.5 50.0 51.333333333333336 52.666666666666664 54.0 49.5 45.0 40.5 36.0 37.53846153846154 39.07692307692308 40.61538461538461 42.15384615384615 43.69230769230769 45.23076923076923 46.769230769230774 48.30769230769231 49.84615384615385 51.38461538461539
55.46153846153846 57.230769230769226 59.0 57.0 55.0 53.0 51.0 52.0 53.0 54.0 49.5 45.0 40.5 36.0 37.76923076923077 39.53846153846154 41.30769230769231 43.07692307692308 44.84615384615385 46.61538461538461 48.38461538461539 50.15384615384615 51.92307692307692 53.69230769230769
55.30769230769231 57.15384615384615 59.0 57.0 55.0 53.0 51.0 51.0 51.0 51.0 47.0 43.0 39.0 35.0 36.84615384615385 38.69230769230769 40.53846153846154 42.38461538461539 44.23076923076923 46.07692307692308 47.92307692307692 49.769230769230774 51.61538461538461 53.46153846153847
55.30769230769231 57.15384615384615 59.0 57.0 55.0 53.0 51.0 51.0 51.0 51.0 49.5 48.0 41.5 35.0 36.84615384615385 38.69230769230769 40.53846153846154 42.38461538461539 44.23076923076923 46.07692307692308 47.92307692307692 49.769230769230774 51.61538461538461 53.46153846153847
55.30769230769231 57.15384615384615 59.0 57.0 55.0 53.0 51.0 51.0 51.0 51.0 49.5 48.0 41.5 35.0 36.84615384615385 38.69230769230769 40.53846153846154 42.38461538461539 44.23076923076923 46.07692307692308 47.92307692307692 49.769230769230774 51.61538461538461 53.46153846153847
56.15384615384615 58.07692307692308 60.0 57.75 55.5 53.25 51.0 51.0 51.0 51.0 49.5 48.0 41.5 35.0 36.92307692307692 38.84615384615385 40.76923076923077 42.69230769230769 44.61538461538461 46.53846153846154 48.46153846153846 50.38461538461539 52.30769230769231 54.230769230769226
56.46153846153846 58.230769230769226 60.0 56.5 53.0 49.5 46.0 47.666666666666664 49.333333333333336 51.0 49.5 48.0 42.5 37.0 38.76923076923077 40.53846153846154 42.30769230769231 44.07692307692308 45.84615384615385 47.61538461538461 49.38461538461539 51.15384615384615 52.92307692307692 54.69230769230769
56.46153846153846 58.230769230769226 60.0 56.5 53.0 49.5 46.0 47.666666666666664 49.333333333333336 51.0 54.0 57.0 60.0 37.0 38.76923076923077 40.53846153846154 42.30769230769231 44.07692307692308 45.84615384615385 47.61538461538461 49.38461538461539 51.15384615384615 52.92307692307692 54.69230769230769
42.8235294117647 43.35294117647059 43.88235294117647 44.411764705882355 44.94117647058823 45.470588235294116 46.0 47.666666666666664 49.333333333333336 51.0 54.0 57.0 60.0 37.0 37.529411764705884 38.05882352941177 38.588235294117645 39.11764705882353 39.64705882352941 40.1764705882353 40.705882352941174 41.23529411764706 41.76470588235294 42.294117647058826
44.11764705882353 44.76470588235294 45.411764705882355 46.05882352941177 46.705882352941174 47.35294117647059 48.0 49.0 50.0 51.0 54.0 57.0 60.0 37.0 37.64705882352941 38.294117647058826 38.94117647058823 39.588235294117645 40.23529411764706 40.88235294117647 41.529411764705884 42.1764705882353 42.82352941176471 43.470588235294116
45.529411764705884 45.94117647058823 46.35294117647059 46.76470588235294 47.17647058823529 47.588235294117645 48.0 48.333333333333336 48.666666666666664 49.0 52.666666666666664 56.333333333333336 60.0 41.0 41.411764705882355 41.8235294117647 42.23529411764706 42.64705882352941 43.05882352941177 43.470588235294116 43.88235294117647 44.294117647058826 44.705882352941174 45.11764705882353
45.529411764705884 45.94117647058823 46.35294117647059 46.76470588235294 47.17647058823529 47.588235294117645 48.0 48.333333333333336 48.666666666666664 49.0 54.5 60.0 60.0 41.0 41.411764705882355 41.8235294117647 42.23529411764706 42.64705882352941 43.05882352941177 43.470588235294116 43.88235294117647 44.294117647058826 44.705882352941174 45.11764705882353
45.529411764705884 45.94117647058823 46.35294117647059 46.76470588235294 47.17647058823529 47.588235294117645 48.0 48.333333333333336 48.666666666666664 49.0 54.5 60.0 60.0 41.0 41.411764705882355 41.8235294117647 42.23529411764706 42.64705882352941 43.05882352941177 43.470588235294116 43.88235294117647 44.294117647058826 44.705882352941174 45.11764705882353
45.4 45.8 46.2 46.6 47.0 47.4 47.8 48.2 48.6 49.0 54.5 60.0 60.0 41.0 41.4 41.8 42.2 42.6 43.0 43.4 43.8 44.2 44.6 45.0
49.5 50.0 50.5 51.0 51.5 52.0 52.5 53.0 53.5 54.0 57.0 60.0 60.0 44.0 44.5 45.0 45.5 46.0 46.5 47.0 47.5 48.0 48.5 49.0
