57.5 56.75 56.0 55.25 54.5 53.75 53.0 52.0 51.0 50.0 49.0 48.0 51.333333333333336 54.666666666666664 58.0 58.125 58.25 58.375 58.5 58.625 58.75 58.875 59.0 58.25
57.5 56.75 56.0 55.25 54.5 53.75 53.0 52.0 51.0 50.0 49.0 48.0 51.333333333333336 54.666666666666664 58.0 58.125 58.25 58.375 58.5 58.625 58.75 58.875 59.0 58.25
57.5 56.75 56.0 55.25 54.5 53.75 53.0 52.0 51.0 50.0 49.0 48.0 51.333333333333336 54.666666666666664 58.0 58.125 58.25 58.375 58.5 58.625 58.75 58.875 59.0 58.25
57.0 56.0 55.0 54.5 54.0 53.5 53.0 52.0 51.0 50.0 49.0 48.0 51.333333333333336 54.666666666666664 58.0 58.125 58.25 58.375 58.5 58.625 58.75 58.875 59.0 58.0
57.0 56.0 55.0 54.75 54.5 54.25 54.0 52.4 50.8 49.2 47.6 46.0 50.333333333333336 54.666666666666664 59.0 59.0 59.0 59.0 59.0 59.0 59.0 59.0 59.0 58.0
57.0 56.0 55.0 54.75 54.5 54.25 54.0 52.4 50.8 49.2 47.6 46.0 50.333333333333336 54.666666666666664 59.0 59.0 59.0 59.0 59.0 59.0 59.0 59.0 59.0 58.0
57.0 56.0 55.0 54.75 54.5 54.25 54.0 52.4 50.8 49.2 47.6 46.0 50.333333333333336 54.666666666666664 59.0 59.0 59.0 59.0 59.0 59.0 59.0 59.0 59.0 58.0
57.5 56.25 55.0 54.75 54.5 54.25 54.0 52.4 50.8 49.2 47.6 46.0 50.333333333333336 54.666666666666664 59.0 59.125 59.25 59.375 59.5 59.625 59.75 59.875 60.0 58.75
55.5 53.25 51.0 51.75 52.5 53.25 54.0 53.0 52.0 51.0 50.0 49.0 51.333333333333336 53.666666666666664 56.0 56.5 57.0 57.5 58.0 58.5 59.0 59.5 60.0 57.75
55.5 53.25 51.0 51.5 52.0 52.5 53.0 52.2 51.4 50.6 49.8 49.0 51.333333333333336 53.666666666666664 56.0 56.5 57.0 57.5 58.0 58.5 59.0 59.5 60.0 57.75
55.5 53.25 51.0 51.5 52.0 52.5 53.0 52.2 51.4 50.6 49.8 49.0 51.333333333333336 53.666666666666664 56.0 56.5 57.0 57.5 58.0 58.5 59.0 59.5 60.0 57.75
58.5 58.75 59.0 57.5 56.0 54.5 53.0 52.2 51.4 50.6 49.8 49.0 51.333333333333336 53.666666666666664 56.0 56.25 56.5 56.75 57.0 57.25 57.5 57.75 58.0 58.25
58.5 58.75 59.0 58.0 57.0 56.0 55.0 53.8 52.6 51.4 50.2 49.0 51.333333333333336 53.666666666666664 56.0 56.25 56.5 56.75 57.0 57.25 57.5 57.75 58.0 58.25
58.5 58.75 59.0 58.0 57.0 56.0 55.0 53.8 52.6 51.4 50.2 49.0 51.333333333333336 53.666666666666664 56.0 56.25 56.5 56.75 57.0 57.25 57.5 57.75 58.0 58.25
57.5 58.25 59.0 58.0 57.0 56.0 55.0 53.8 52.6 51.4 50.2 49.0 51.333333333333336 53.666666666666664 56.0 56.0 56.0 56.0 56.0 56.0 56.0 56.0 56.0 56.75
55.5 55.25 55.0 55.0 55.0 55.0 55.0 53.6 52.2 50.8 49.4 48.0 49.666666666666664 51.333333333333336 53.0 53.375 53.75 54.125 54.5 54.875 55.25 55.625 56.0 55.75
55.5 55.25 55.0 54.75 54.5 54.25 54.0 52.8 51.6 50.4 49.2 48.0 49.666666666666664 51.333333333333336 53.0 53.375 53.75 54.125 54.5 54.875 55.25 55.625 56.0 55.75
55.5 55.25 55.0 54.75 54.5 54.25 54.0 52.8 51.6 50.4 49.2 48.0 49.666666666666664 51.333333333333336 53.0 53.375 53.75 54.125 54.5 54.875 55.25 55.625 56.0 55.75
56.0 55.5 55.0 54.75 54.5 54.25 54.0 52.8 51.6 50.4 49.2 48.0 49.666666666666664 51.333333333333336 53.0 53.5 54.0 54.5 55.0 55.5 56.0 56.5 57.0 56.5
54.0 52.5 51.0 52.0 53.0 54.0 55.0 53.6 52.2 50.8 49.4 48.0 51.0 54.0 57.0 57.0 57.0 57.0 57.0 57.0 57.0 57.0 57.0 55.5
54.0 52.5 51.0 52.0 53.0 54.0 55.0 53.6 52.2 50.8 49.4 48.0 51.0 54.0 57.0 57.0 57.0 57.0 57.0 57.0 57.0 57.0 57.0 55.5
54.0 52.5 51.0 52.0 53.0 54.0 55.0 53.6 52.2 50.8 49.4 48.0 51.0 54.0 57.0 57.0 57.0 57.0 57.0 57.0 57.0 57.0 57.0 55.5
58.0 58.5 59.0 58.0 57.0 56.0 55.0 54.2 53.4 52.6 51.8 51.0 52.333333333333336 53.666666666666664 55.0 55.25 55.5 55.75 56.0 56.25 56.5 56.75 57.0 57.5
58.0 58.5 59.0 59.25 59.5 59.75 60.0 58.2 56.4 54.6 52.8 51.0 52.333333333333336 53.666666666666664 55.0 55.25 55.5 55.75 56.0 56.25 56.5 56.75 57.0 57.5
58.0 58.5 59.0 59.25 59.5 59.75 60.0 58.2 56.4 54.6 52.8 51.0 52.333333333333336 53.666666666666664 55.0 55.25 55.5 55.75 56.0 56.25 56.5 56.75 57.0 57.5
