59.0 58.5 58.0 57.5 57.0 56.5 56.0 55.2 54.4 53.6 52.8 52.0 56.0 60.0 60.0 60.0 60.0 60.0 60.0 60.0 60.0 60.0 60.0 59.5
56.5 54.75 53.0 53.75 54.5 55.25 56.0 55.2 54.4 53.6 52.8 52.0 56.0 60.0 60.0 60.0 60.0 60.0 60.0 60.0 60.0 60.0 60.0 58.25
56.5 54.75 53.0 53.75 54.5 55.25 56.0 55.6 55.2 54.8 54.4 54.0 57.0 60.0 60.0 60.0 60.0 60.0 60.0 60.0 60.0 60.0 60.0 58.25
54.0 52.0 50.0 51.0 52.0 53.0 54.0 53.4 52.8 52.2 51.6 51.0 53.0 55.0 57.0 57.125 57.25 57.375 57.5 57.625 57.75 57.875 58.0 56.0
58.0 58.0 58.0 57.0 56.0 55.0 54.0 53.4 52.8 52.2 51.6 51.0 53.0 55.0 57.0 57.125 57.25 57.375 57.5 57.625 57.75 57.875 58.0 58.0
58.0 58.0 58.0 57.0 56.0 55.0 54.0 53.4 52.8 52.2 51.6 51.0 53.0 55.0 57.0 57.125 57.25 57.375 57.5 57.625 57.75 57.875 58.0 58.0
58.0 58.0 58.0 57.25 56.5 55.75 55.0 54.0 53.0 52.0 51.0 50.0 52.333333333333336 54.666666666666664 57.0 57.125 57.25 57.375 57.5 57.625 57.75 57.875 58.0 58.0
58.0 58.0 58.0 57.25 56.5 55.75 55.0 54.0 53.0 52.0 51.0 50.0 52.333333333333336 54.666666666666664 57.0 57.125 57.25 57.375 57.5 57.625 57.75 57.875 58.0 58.0
52.5 49.75 47.0 49.0 51.0 53.0 55.0 54.0 53.0 52.0 51.0 50.0 52.333333333333336 54.666666666666664 57.0 57.125 57.25 57.375 57.5 57.625 57.75 57.875 58.0 55.25
52.5 49.75 47.0 48.75 50.5 52.25 54.0 53.4 52.8 52.2 51.6 51.0 52.666666666666664 54.333333333333336 56.0 56.25 56.5 56.75 57.0 57.25 57.5 57.75 58.0 55.25
52.0 49.5 47.0 48.75 50.5 52.25 54.0 53.4 52.8 52.2 51.6 51.0 52.666666666666664 54.333333333333336 56.0 56.125 56.25 56.375 56.5 56.625 56.75 56.875 57.0 54.5
52.0 49.5 47.0 48.75 50.5 52.25 54.0 53.4 52.8 52.2 51.6 51.0 52.666666666666664 54.333333333333336 56.0 56.125 56.25 56.375 56.5 56.625 56.75 56.875 57.0 54.5
53.0 51.0 49.0 50.5 52.0 53.5 55.0 54.2 53.4 52.6 51.8 51.0 52.666666666666664 54.333333333333336 56.0 56.125 56.25 56.375 56.5 56.625 56.75 56.875 57.0 55.0
53.0 51.0 49.0 50.5 52.0 53.5 55.0 54.2 53.4 52.6 51.8 51.0 52.666666666666664 54.333333333333336 56.0 56.125 56.25 56.375 56.5 56.625 56.75 56.875 57.0 55.0
53.0 51.0 49.0 50.5 52.0 53.5 55.0 54.2 53.4 52.6 51.8 51.0 52.666666666666664 54.333333333333336 56.0 56.125 56.25 56.375 56.5 56.625 56.75 56.875 57.0 55.0
52.0 49.5 47.0 49.0 51.0 53.0 55.0 54.2 53.4 52.6 51.8 51.0 52.666666666666664 54.333333333333336 56.0 56.125 56.25 56.375 56.5 56.625 56.75 56.875 57.0 54.5
52.0 49.5 47.0 48.0 49.0 50.0 51.0 50.4 49.8 49.2 48.6 48.0 51.333333333333336 54.666666666666664 58.0 57.875 57.75 57.625 57.5 57.375 57.25 57.125 57.0 54.5
52.0 49.5 47.0 48.0 49.0 50.0 51.0 50.4 49.8 49.2 48.6 48.0 51.333333333333336 54.666666666666664 58.0 57.875 57.75 57.625 57.5 57.375 57.25 57.125 57.0 54.5
52.0 49.5 47.0 48.0 49.0 50.0 51.0 50.4 49.8 49.2 48.6 48.0 51.333333333333336 54.666666666666664 58.0 57.875 57.75 57.625 57.5 57.375 57.25 57.125 57.0 54.5
49.5 45.75 42.0 44.25 46.5 48.75 51.0 50.4 49.8 49.2 48.6 48.0 51.333333333333336 54.666666666666664 58.0 57.875 57.75 57.625 57.5 57.375 57.25 57.125 57.0 53.25
48.5 45.25 42.0 44.75 47.5 50.25 53.0 51.8 50.6 49.4 48.2 47.0 50.333333333333336 53.666666666666664 57.0 56.75 56.5 56.25 56.0 55.75 55.5 55.25 55.0 51.75
48.5 45.25 42.0 44.75 47.5 50.25 53.0 51.8 50.6 49.4 48.2 47.0 50.333333333333336 53.666666666666664 57.0 56.75 56.5 56.25 56.0 55.75 55.5 55.25 55.0 51.75
55.0 55.0 55.0 54.5 54.0 53.5 53.0 51.8 50.6 49.4 48.2 47.0 50.333333333333336 53.666666666666664 57.0 56.75 56.5 56.25 56.0 55.75 55.5 55.25 55.0 55.0
55.0 55.0 55.0 55.25 55.5 55.75 56.0 55.8 55.6 55.4 55.2 55.0 54.666666666666664 54.333333333333336 54.0 54.125 54.25 54.375 54.5 54.625 54.75 54.875 55.0 55.0
55.5 55.25 55.0 55.25 55.5 55.75 56.0 55.8 55.6 55.4 55.2 55.0 54.666666666666664 54.333333333333336 54.0 54.25 54.5 54.75 55.0 55.25 55.5 55.75 56.0 55.75
55.5 55.25 55.0 55.25 55.5 55.75 56.0 55.8 55.6 55.4 55.2 55.0 54.666666666666664 54.333333333333336 54.0 54.25 54.5 54.75 55.0 55.25 55.5 55.75 56.0 55.75
55.0 54.5 54.0 54.5 55.0 55.5 56.0 55.8 55.6 55.4 55.2 55.0 54.666666666666664 54.333333333333336 54.0 54.25 54.5 54.75 55.0 55.25 55.5 55.75 56.0 55.5
55.0 54.5 54.0 53.75 53.5 53.25 53.0 52.4 51.8 51.2 50.6 50.0 52.0 54.0 56.0 56.0 56.0 56.0 56.0 56.0 56.0 56.0 56.0 55.5
55.5 54.75 54.0 53.75 53.5 53.25 53.0 52.4 51.8 51.2 50.6 50.0 52.0 54.0 56.0 56.125 56.25 56.375 56.5 56.625 56.75 56.875 57.0 56.25
51.0 48.0 45.0 47.0 49.0 51.0 53.0 52.4 51.8 51.2 50.6 50.0 52.0 54.0 56.0 56.125 56.25 56.375 56.5 56.625 56.75 56.875 57.0 54.0
51.0 48.0 45.0 48.5 52.0 55.5 59.0 57.6 56.2 54.8 53.4 52.0 54.666666666666664 57.333333333333336 60.0 59.625 59.25 58.875 58.5 58.125 57.75 57.375 57.0 54.0
52.0 48.5 45.0 48.5 52.0 55.5 59.0 57.6 56.2 54.8 53.4 52.0 54.666666666666664 57.333333333333336 60.0 59.75 59.5 59.25 59.0 59.0 59.0 59.0 59.0 55.5
52.0 48.5 45.0 48.5 52.0 55.5 59.0 57.6 56.2 54.8 53.4 52.0 54.666666666666664 57.333333333333336 60.0 59.75 59.5 59.25 59.0 59.0 59.0 59.0 59.0 55.5
55.5 53.75 52.0 53.75 55.5 57.25 59.0 57.6 56.2 54.8 53.4 52.0 54.666666666666664 57.333333333333336 60.0 59.75 59.5 59.25 59.0 59.0 59.0 59.0 59.0 57.25
