53.0 49.5 46.0 47.111111111111114 48.22222222222222 49.333333333333336 50.44444444444444 51.55555555555556 52.666666666666664 53.77777777777778 54.888888888888886 56.0 58.0 60.0 49.0 51.75 54.5 57.25 60.0 60.0 60.0 60.0 60.0 56.5
49.5 44.25 39.0 49.5 60.0 59.42857142857143 58.857142857142854 58.285714285714285 57.714285714285715 57.142857142857146 56.57142857142857 56.0 58.0 60.0 49.0 51.75 54.5 57.25 60.0 60.0 60.0 60.0 60.0 54.75
49.5 44.25 39.0 49.5 60.0 60.0 60.0 59.2 58.4 57.6 56.8 56.0 58.0 60.0 49.0 51.75 54.5 57.25 60.0 60.0 60.0 60.0 60.0 54.75
49.5 44.25 39.0 49.5 60.0 60.0 60.0 58.8 57.6 56.4 55.2 54.0 57.0 60.0 49.0 51.75 54.5 57.25 60.0 60.0 60.0 60.0 60.0 54.75
49.5 44.25 39.0 49.5 60.0 60.0 60.0 58.8 57.6 56.4 55.2 54.0 52.333333333333336 50.666666666666664 49.0 51.75 54.5 57.25 60.0 60.0 60.0 60.0 60.0 54.75
48.0 42.0 36.0 48.0 60.0 60.0 60.0 58.8 57.6 56.4 55.2 54.0 52.333333333333336 50.666666666666664 49.0 51.75 54.5 57.25 60.0 60.0 60.0 60.0 60.0 54.0
48.0 42.0 36.0 48.0 60.0 59.0 58.0 57.2 56.4 55.6 54.8 54.0 52.333333333333336 50.666666666666664 49.0 51.75 54.5 57.25 60.0 60.0 60.0 60.0 60.0 54.0
48.0 42.0 36.0 48.0 60.0 59.0 58.0 57.2 56.4 55.6 54.8 54.0 52.333333333333336 50.666666666666664 49.0 51.75 54.5 57.25 60.0 60.0 60.0 60.0 60.0 54.0
48.0 42.0 36.0 48.0 60.0 59.0 58.0 57.2 56.4 55.6 54.8 54.0 56.5 59.0 51.0 53.25 55.5 57.75 60.0 60.0 60.0 60.0 60.0 54.0
48.0 43.0 38.0 49.0 60.0 59.0 58.0 57.2 56.4 55.6 54.8 54.0 56.5 59.0 51.0 51.875 52.75 53.625 54.5 55.375 56.25 57.125 58.0 53.0
48.0 43.0 38.0 43.5 49.0 54.5 60.0 59.8 59.6 59.4 59.2 59.0 59.0 59.0 51.0 51.875 52.75 53.625 54.5 55.375 56.25 57.125 58.0 53.0
48.0 43.0 38.0 43.5 49.0 54.5 60.0 59.8 59.6 59.4 59.2 59.0 56.0 53.0 50.0 52.25 54.5 56.75 59.0 58.75 58.5 58.25 58.0 53.0
46.0 40.5 35.0 41.25 47.5 53.75 60.0 59.8 59.6 59.4 59.2 59.0 56.0 53.0 50.0 52.25 54.5 56.75 59.0 58.5 58.0 57.5 57.0 51.5
46.0 40.5 35.0 40.75 46.5 52.25 58.0 58.2 58.4 58.6 58.8 59.0 56.0 53.0 50.0 52.25 54.5 56.75 59.0 58.5 58.0 57.5 57.0 51.5
46.0 40.5 35.0 40.75 46.5 52.25 58.0 57.666666666666664 57.333333333333336 57.0 58.5 60.0 58.0 56.0 54.0 54.375 54.75 55.125 55.5 55.875 56.25 56.625 57.0 51.5
46.0 40.5 35.0 40.75 46.5 52.25 58.0 57.666666666666664 57.333333333333336 57.0 58.5 60.0 58.0 56.0 54.0 54.375 54.75 55.125 55.5 55.875 56.25 56.625 57.0 51.5
50.5 47.25 44.0 47.5 51.0 54.5 58.0 57.666666666666664 57.333333333333336 57.0 58.5 60.0 58.0 56.0 54.0 54.857142857142854 55.714285714285715 56.57142857142857 57.42857142857143 58.285714285714285 59.14285714285714 60.0 57.0 53.75
50.5 47.25 44.0 47.25 50.5 53.75 57.0 57.0 57.0 57.0 56.4 55.8 55.2 54.6 54.0 54.857142857142854 55.714285714285715 56.57142857142857 57.42857142857143 58.285714285714285 59.14285714285714 60.0 57.0 53.75
50.5 47.25 44.0 47.25 50.5 53.75 57.0 56.625 56.25 55.875 55.5 55.125 54.75 54.375 54.0 54.857142857142854 55.714285714285715 56.57142857142857 57.42857142857143 58.285714285714285 59.14285714285714 60.0 57.0 53.75
43.5 36.75 30.0 37.0 44.0 51.0 58.0 58.2 58.4 58.6 58.8 59.0 57.333333333333336 55.666666666666664 54.0 54.375 54.75 55.125 55.5 55.875 56.25 56.625 57.0 50.25
43.5 36.75 30.0 37.0 44.0 51.0 58.0 58.2 58.4 58.6 58.8 59.0 56.666666666666664 54.333333333333336 52.0 53.5 55.0 56.5 58.0 57.75 57.5 57.25 57.0 50.25
43.5 37.75 32.0 38.5 45.0 51.5 58.0 58.2 58.4 58.6 58.8 59.0 56.666666666666664 54.333333333333336 52.0 53.5 55.0 56.5 58.0 57.25 56.5 55.75 55.0 49.25
43.5 37.75 32.0 38.5 45.0 51.5 58.0 58.2 58.4 58.6 58.8 59.0 56.666666666666664 54.333333333333336 52.0 53.5 55.0 56.5 58.0 57.25 56.5 55.75 55.0 49.25
43.5 37.75 32.0 39.0 46.0 53.0 60.0 59.0 58.0 57.0 56.0 55.0 54.0 53.0 52.0 53.5 55.0 56.5 58.0 57.25 56.5 55.75 55.0 49.25
43.5 37.75 32.0 39.0 46.0 53.0 60.0 58.875 57.75 56.625 55.5 54.375 53.25 52.125 51.0 53.25 55.5 57.75 60.0 58.75 57.5 56.25 55.0 49.25
