59.5 59.25 59.0 57.0 55.0 53.0 51.0 50.2 49.4 48.6 47.8 47.0 49.666666666666664 52.333333333333336 55.0 55.625 56.25 56.875 57.5 58.125 58.75 59.375 60.0 59.75
56.0 55.5 55.0 54.0 53.0 52.0 51.0 50.2 49.4 48.6 47.8 47.0 49.666666666666664 52.333333333333336 55.0 55.25 55.5 55.75 56.0 56.25 56.5 56.75 57.0 56.5
56.0 55.5 55.0 54.0 53.0 52.0 51.0 50.2 49.4 48.6 47.8 47.0 49.666666666666664 52.333333333333336 55.0 55.25 55.5 55.75 56.0 56.25 56.5 56.75 57.0 56.5
56.0 55.5 55.0 54.0 53.0 52.0 51.0 50.2 49.4 48.6 47.8 47.0 49.666666666666664 52.333333333333336 55.0 55.25 55.5 55.75 56.0 56.25 56.5 56.75 57.0 56.5
56.0 55.5 55.0 53.75 52.5 51.25 50.0 48.8 47.6 46.4 45.2 44.0 48.0 52.0 56.0 56.125 56.25 56.375 56.5 56.625 56.75 56.875 57.0 56.5
55.0 53.0 51.0 50.75 50.5 50.25 50.0 48.8 47.6 46.4 45.2 44.0 48.0 52.0 56.0 56.375 56.75 57.125 57.5 57.875 58.25 58.625 59.0 57.0
55.0 53.0 51.0 50.75 50.5 50.25 50.0 48.8 47.6 46.4 45.2 44.0 48.0 52.0 56.0 56.375 56.75 57.125 57.5 57.875 58.25 58.625 59.0 57.0
55.0 53.0 51.0 50.75 50.5 50.25 50.0 48.8 47.6 46.4 45.2 44.0 48.0 52.0 56.0 56.375 56.75 57.125 57.5 57.875 58.25 58.625 59.0 57.0
55.0 53.0 51.0 50.75 50.5 50.25 50.0 49.0 48.0 47.0 46.0 45.0 49.666666666666664 54.333333333333336 59.0 59.0 59.0 59.0 59.0 59.0 59.0 59.0 59.0 57.0
54.5 51.75 49.0 49.25 49.5 49.75 50.0 49.0 48.0 47.0 46.0 45.0 49.666666666666664 54.333333333333336 59.0 59.125 59.25 59.375 59.5 59.625 59.75 59.875 60.0 57.25
54.5 51.75 49.0 49.25 49.5 49.75 50.0 49.0 48.0 47.0 46.0 45.0 49.666666666666664 54.333333333333336 59.0 59.125 59.25 59.375 59.5 59.625 59.75 59.875 60.0 57.25
54.5 51.75 49.0 49.75 50.5 51.25 52.0 50.6 49.2 47.8 46.4 45.0 49.666666666666664 54.333333333333336 59.0 59.125 59.25 59.375 59.5 59.625 59.75 59.875 60.0 57.25
52.5 49.25 46.0 47.5 49.0 50.5 52.0 50.6 49.2 47.8 46.4 45.0 49.666666666666664 54.333333333333336 59.0 59.0 59.0 59.0 59.0 59.0 59.0 59.0 59.0 55.75
52.5 49.25 46.0 47.5 49.0 50.5 52.0 50.6 49.2 47.8 46.4 45.0 49.666666666666664 54.333333333333336 59.0 59.0 59.0 59.0 59.0 59.0 59.0 59.0 59.0 55.75
52.5 49.25 46.0 47.5 49.0 50.5 52.0 54.666666666666664 57.333333333333336 60.0 52.5 45.0 49.666666666666664 54.333333333333336 59.0 59.0 59.0 59.0 59.0 59.0 59.0 59.0 59.0 55.75
51.5 47.75 44.0 46.75 49.5 52.25 55.0 56.666666666666664 58.333333333333336 60.0 53.5 47.0 49.666666666666664 52.333333333333336 55.0 55.5 56.0 56.5 57.0 57.5 58.0 58.5 59.0 55.25
51.0 47.5 44.0 46.75 49.5 52.25 55.0 56.666666666666664 58.333333333333336 60.0 53.5 47.0 49.666666666666664 52.333333333333336 55.0 55.375 55.75 56.125 56.5 56.875 57.25 57.625 58.0 54.5
51.0 47.5 44.0 46.75 49.5 52.25 55.0 53.4 51.8 50.2 48.6 47.0 49.666666666666664 52.333333333333336 55.0 55.375 55.75 56.125 56.5 56.875 57.25 57.625 58.0 54.5
51.0 47.5 44.0 46.5 49.0 51.5 54.0 52.6 51.2 49.8 48.4 47.0 49.333333333333336 51.666666666666664 54.0 54.5 55.0 55.5 56.0 56.5 57.0 57.5 58.0 54.5
51.0 48.5 46.0 48.0 50.0 52.0 54.0 52.6 51.2 49.8 48.4 47.0 49.333333333333336 51.666666666666664 54.0 54.25 54.5 54.75 55.0 55.25 55.5 55.75 56.0 53.5
51.0 48.5 46.0 48.0 50.0 52.0 54.0 52.6 51.2 49.8 48.4 47.0 49.333333333333336 51.666666666666664 54.0 54.25 54.5 54.75 55.0 55.25 55.5 55.75 56.0 53.5
51.0 48.5 46.0 48.0 50.0 52.0 54.0 52.6 51.2 49.8 48.4 47.0 49.333333333333336 51.666666666666664 54.0 54.25 54.5 54.75 55.0 55.25 55.5 55.75 56.0 53.5
51.0 48.5 46.0 47.25 48.5 49.75 51.0 50.4 49.8 49.2 48.6 48.0 49.666666666666664 51.333333333333336 53.0 53.375 53.75 54.125 54.5 54.875 55.25 55.625 56.0 53.5
51.0 48.0 45.0 46.5 48.0 49.5 51.0 50.4 49.8 49.2 48.6 48.0 49.666666666666664 51.333333333333336 53.0 53.5 54.0 54.5 55.0 55.5 56.0 56.5 57.0 54.0
51.0 48.0 45.0 46.5 48.0 49.5 51.0 50.4 49.8 49.2 48.6 48.0 49.666666666666664 51.333333333333336 53.0 53.5 54.0 54.5 55.0 55.5 56.0 56.5 57.0 54.0
51.0 48.0 45.0 46.5 48.0 49.5 51.0 50.8 50.6 50.4 50.2 50.0 52.666666666666664 55.333333333333336 58.0 57.875 57.75 57.625 57.5 57.375 57.25 57.125 57.0 54.0
52.0 48.5 45.0 47.75 50.5 53.25 56.0 54.8 53.6 52.4 51.2 50.0 52.666666666666664 55.333333333333336 58.0 58.125 58.25 58.375 58.5 58.625 58.75 58.875 59.0 55.5
52.5 49.25 46.0 48.5 51.0 53.5 56.0 54.8 53.6 52.4 51.2 50.0 52.666666666666664 55.333333333333336 58.0 58.125 58.25 58.375 58.5 58.625 58.75 58.875 59.0 55.75
52.5 49.25 46.0 48.5 51.0 53.5 56.0 54.8 53.6 52.4 51.2 50.0 52.666666666666664 55.333333333333336 58.0 58.125 58.25 58.375 58.5 58.625 58.75 58.875 59.0 55.75
