54.0 52.5 51.0 52.0 53.0 54.0 55.0 54.4 53.8 53.2 52.6 52.0 52.666666666666664 53.333333333333336 54.0 54.375 54.75 55.125 55.5 55.875 56.25 56.625 57.0 55.5
54.0 52.5 51.0 52.0 53.0 54.0 55.0 54.4 53.8 53.2 52.6 52.0 52.666666666666664 53.333333333333336 54.0 54.375 54.75 55.125 55.5 55.875 56.25 56.625 57.0 55.5
53.0 52.0 51.0 52.0 53.0 54.0 55.0 54.4 53.8 53.2 52.6 52.0 52.666666666666664 53.333333333333336 54.0 54.125 54.25 54.375 54.5 54.625 54.75 54.875 55.0 54.0
50.0 47.5 45.0 47.5 50.0 52.5 55.0 54.0 53.0 52.0 51.0 50.0 51.333333333333336 52.666666666666664 54.0 54.125 54.25 54.375 54.5 54.625 54.75 54.875 55.0 52.5
50.0 47.5 45.0 47.0 49.0 51.0 53.0 52.4 51.8 51.2 50.6 50.0 52.333333333333336 54.666666666666664 57.0 56.75 56.5 56.25 56.0 55.75 55.5 55.25 55.0 52.5
50.0 47.5 45.0 47.0 49.0 51.0 53.0 52.4 51.8 51.2 50.6 50.0 52.333333333333336 54.666666666666664 57.0 56.75 56.5 56.25 56.0 55.75 55.5 55.25 55.0 52.5
52.0 48.5 45.0 47.0 49.0 51.0 53.0 52.4 51.8 51.2 50.6 50.0 52.333333333333336 54.666666666666664 57.0 57.25 57.5 57.75 58.0 58.25 58.5 58.75 59.0 55.5
53.0 50.0 47.0 48.5 50.0 51.5 53.0 52.4 51.8 51.2 50.6 50.0 52.333333333333336 54.666666666666664 57.0 57.25 57.5 57.75 58.0 58.25 58.5 58.75 59.0 56.0
53.0 50.0 47.0 49.0 51.0 53.0 55.0 54.2 53.4 52.6 51.8 51.0 53.0 55.0 57.0 57.25 57.5 57.75 58.0 58.25 58.5 58.75 59.0 56.0
53.0 50.0 47.0 49.0 51.0 53.0 55.0 54.2 53.4 52.6 51.8 51.0 53.0 55.0 57.0 57.25 57.5 57.75 58.0 58.25 58.5 58.75 59.0 56.0
54.0 52.5 51.0 52.0 53.0 54.0 55.0 54.2 53.4 52.6 51.8 51.0 53.0 55.0 57.0 57.0 57.0 57.0 57.0 57.0 57.0 57.0 57.0 55.5
54.0 52.5 51.0 51.75 52.5 53.25 54.0 53.0 52.0 51.0 50.0 49.0 51.666666666666664 54.333333333333336 57.0 57.0 57.0 57.0 57.0 57.0 57.0 57.0 57.0 55.5
54.0 52.5 51.0 51.75 52.5 53.25 54.0 53.0 52.0 51.0 50.0 49.0 52.666666666666664 56.333333333333336 60.0 59.625 59.25 58.875 58.5 58.125 57.75 57.375 57.0 55.5
55.0 53.0 51.0 51.75 52.5 53.25 54.0 53.0 52.0 51.0 50.0 49.0 52.666666666666664 56.333333333333336 60.0 59.875 59.75 59.625 59.5 59.375 59.25 59.125 59.0 57.0
55.5 53.75 52.0 52.5 53.0 53.5 54.0 53.0 52.0 51.0 50.0 49.0 52.666666666666664 56.333333333333336 60.0 59.875 59.75 59.625 59.5 59.375 59.25 59.125 59.0 57.25
56.5 55.75 55.0 53.5 52.0 50.5 49.0 49.6 50.2 50.8 51.4 52.0 54.666666666666664 57.333333333333336 60.0 59.75 59.5 59.25 59.0 58.75 58.5 58.25 58.0 57.25
56.5 55.75 55.0 53.5 52.0 50.5 49.0 49.6 50.2 50.8 51.4 52.0 54.666666666666664 57.333333333333336 60.0 59.75 59.5 59.25 59.0 58.75 58.5 58.25 58.0 57.25
56.5 55.75 55.0 53.5 52.0 50.5 49.0 49.6 50.2 50.8 51.4 52.0 54.666666666666664 57.333333333333336 60.0 59.75 59.5 59.25 59.0 58.75 58.5 58.25 58.0 57.25
59.0 58.5 58.0 57.0 56.0 55.0 54.0 52.8 51.6 50.4 49.2 48.0 51.666666666666664 55.333333333333336 59.0 59.125 59.25 59.375 59.5 59.625 59.75 59.875 60.0 59.5
59.0 58.5 58.0 56.75 55.5 54.25 53.0 52.0 51.0 50.0 49.0 48.0 52.0 56.0 60.0 60.0 60.0 60.0 60.0 60.0 60.0 60.0 60.0 59.5
59.0 58.5 58.0 56.75 55.5 54.25 53.0 52.0 51.0 50.0 49.0 48.0 52.0 56.0 60.0 60.0 60.0 60.0 60.0 60.0 60.0 60.0 60.0 59.5
59.0 58.5 58.0 56.75 55.5 54.25 53.0 52.0 51.0 50.0 49.0 48.0 52.0 56.0 60.0 60.0 60.0 60.0 60.0 60.0 60.0 60.0 60.0 59.5
